1454080 4096
3862528 1003520
4673536 2002944
5754880 3002368
6836224 4001792
7917568 5001216
8728576 6000640
9809920 7000064
10891264 8003584
11702272 9003008
12783616 10002432
13864960 11001856
14675968 12001280
15757312 13000704
16838656 14000128
17920000 15003648
18731008 16003072
19812352 17002496
20893696 18001920
21704704 19001344
22786048 20000768
23867392 21000192
24678400 22003712
25759744 23003136
26841088 24002560
27922432 25001984
28733440 26001408
29814784 27000832
30896128 28000256
31707136 29003776
32788480 30003200
33869824 31002624
34680832 32002048
35762176 33001472
36843520 34000896
37924864 35000320
38735872 36003840
39817216 37003264
40898560 38002688
41709568 39002112
42790912 40001536
43872256 41000960
44683264 42000384
45764608 43003904
46845952 44003328
47927296 45002752
48738304 46002176
49819648 47001600
50900992 48001024
51712000 49000448
52793344 50003968
53874688 51003392
54685696 52002816
55767040 53002240
56848384 54001664
57659392 55001088
58740736 56000512
59822080 57004032
60903424 58003456
61714432 59002880
62795776 60002304
63877120 61001728
64688128 62001152
65769472 63000576
66850816 64004096
67661824 65003520
68743168 66002944
69824512 67002368
70905856 68001792
71716864 69001216
72798208 70000640
73879552 71000064
74690560 72003584
75771904 73003008
76853248 74002432
77664256 75001856
78745600 76001280
79826944 77000704
80908288 78000128
81719296 79003648
82800640 80003072
83881984 81002496
84692992 82001920
85774336 83001344
86855680 84000768
87666688 85000192
88748032 86003712
89829376 87003136
90910720 88002560
91721728 89001984
92803072 90001408
93884416 91000832
94695424 92000256
95776768 93003776
96858112 94003200
97669120 95002624
98750464 96002048
99831808 97001472
100913152 98000896
101724160 99000320
102805504 100003840
