0 0.486 0.511 0.527 
1 0.295 0.349 0.501 
2 0.172 0.204 0.460 
3 0.107 0.117 0.445 
4 0.069 0.070 0.454 
5 0.036 0.032 0.445 
6 0.022 0.018 0.437 
7 0.019 0.014 0.422 
8 0.014 0.008 0.447 
9 0.012 0.006 0.449 
10 0.006 0.006 0.425 
11 0.005 0.007 0.420 
12 0.004 0.005 0.402 
13 0.004 0.005 0.394 
14 0.004 0.005 0.399 
15 0.004 0.005 0.398 

0 0.519 0.540 0.501 
1 0.236 0.373 0.479 
2 0.092 0.213 0.437 
3 0.045 0.141 0.431 
4 0.028 0.093 0.421 
5 0.021 0.059 0.428 
6 0.013 0.018 0.426 
7 0.013 0.007 0.414 
8 0.011 0.006 0.415 
9 0.013 0.005 0.408 
10 0.007 0.005 0.406 
11 0.007 0.005 0.382 
12 0.007 0.003 0.395 
13 0.004 0.002 0.407 
14 0.003 0.002 0.393 
15 0.003 0.002 0.397 

0 0.496 0.503 0.494 
1 0.175 0.297 0.480 
2 0.079 0.192 0.461 
3 0.039 0.133 0.436 
4 0.025 0.089 0.439 
5 0.019 0.054 0.440 
6 0.018 0.033 0.436 
7 0.013 0.026 0.428 
8 0.006 0.014 0.435 
9 0.005 0.011 0.434 
10 0.006 0.013 0.431 
11 0.005 0.011 0.419 
12 0.006 0.010 0.423 
13 0.004 0.010 0.407 
14 0.003 0.007 0.402 
15 0.002 0.005 0.402 

