0 0.576 0.739 0.647 
1 0.404 0.463 0.518 
2 0.304 0.379 0.497 
3 0.220 0.285 0.476 
4 0.196 0.280 0.490 
5 0.142 0.232 0.470 
6 0.130 0.210 0.495 
7 0.116 0.200 0.481 
8 0.126 0.182 0.473 
9 0.108 0.172 0.468 
10 0.096 0.178 0.474 
11 0.087 0.175 0.471 
12 0.084 0.157 0.467 
13 0.077 0.171 0.483 
14 0.065 0.179 0.481 
15 0.075 0.174 0.453 

0 0.573 0.606 0.530 
1 0.421 0.452 0.523 
2 0.271 0.340 0.474 
3 0.208 0.268 0.468 
4 0.152 0.231 0.432 
5 0.128 0.227 0.453 
6 0.104 0.197 0.435 
7 0.102 0.189 0.440 
8 0.085 0.165 0.421 
9 0.095 0.161 0.421 
10 0.096 0.156 0.422 
11 0.077 0.154 0.418 
12 0.073 0.156 0.415 
13 0.058 0.142 0.427 
14 0.056 0.130 0.468 
15 0.054 0.118 0.433 

0 0.569 0.563 0.575 
1 0.410 0.453 0.481 
2 0.259 0.325 0.482 
3 0.205 0.283 0.482 
4 0.150 0.254 0.484 
5 0.132 0.209 0.462 
6 0.133 0.197 0.434 
7 0.136 0.216 0.442 
8 0.149 0.181 0.448 
9 0.120 0.168 0.465 
10 0.107 0.182 0.444 
11 0.097 0.179 0.454 
12 0.079 0.186 0.445 
13 0.092 0.181 0.437 
14 0.082 0.180 0.449 
15 0.080 0.178 0.459 

