0 0.500 0.490 0.524 
1 0.274 0.349 0.520 
2 0.132 0.236 0.485 
3 0.103 0.169 0.475 
4 0.068 0.122 0.461 
5 0.044 0.088 0.439 
6 0.031 0.074 0.433 
7 0.028 0.071 0.429 
8 0.027 0.067 0.435 
9 0.024 0.059 0.407 
10 0.023 0.055 0.421 
11 0.022 0.047 0.419 
12 0.018 0.043 0.411 
13 0.017 0.042 0.398 
14 0.009 0.036 0.413 
15 0.004 0.034 0.391 

0 0.535 0.499 0.520 
1 0.196 0.337 0.467 
2 0.099 0.234 0.473 
3 0.051 0.173 0.446 
4 0.032 0.112 0.430 
5 0.028 0.088 0.441 
6 0.023 0.069 0.418 
7 0.024 0.054 0.412 
8 0.016 0.041 0.402 
9 0.013 0.036 0.390 
10 0.012 0.031 0.388 
11 0.011 0.033 0.381 
12 0.011 0.031 0.377 
13 0.007 0.029 0.382 
14 0.007 0.026 0.384 
15 0.010 0.025 0.387 

0 0.467 0.535 0.504 
1 0.218 0.370 0.495 
2 0.109 0.295 0.467 
3 0.077 0.238 0.450 
4 0.047 0.195 0.450 
5 0.035 0.164 0.445 
6 0.028 0.124 0.418 
7 0.019 0.089 0.420 
8 0.018 0.074 0.407 
9 0.016 0.062 0.409 
10 0.018 0.057 0.424 
11 0.019 0.039 0.404 
12 0.017 0.037 0.401 
13 0.012 0.030 0.385 
14 0.013 0.030 0.387 
15 0.011 0.026 0.382 

