        16       22.1       20.3       23.8
        17       22.4       20.8       23.8
        18       23.6       22.4       24.3
        19       24.0       23.0       24.5
        20       24.5       23.7       24.9
        21       24.4       23.3       24.7
        22       24.3       23.6       24.8
        23       24.8       23.9       25.1
        24       24.5       23.6       25.0
        25       24.7       23.6       25.2
        26       24.6       23.6       25.1
        27       24.5       23.5       25.0
        28       24.7       23.8       25.1
        29       24.8       24.1       25.2
        30       24.1       22.5       25.1
        31       24.3       23.5       24.8
        32       24.5       23.7       24.9
        33       24.1       22.4       24.7
        34       24.3       23.8       24.7
        35       24.3       23.7       24.6
        36       24.3       23.5       24.8
        37       24.4       23.7       24.7
        38       24.1       23.8       24.7
        39       24.3       23.9       24.6
        40       24.2       23.8       24.5
        41       24.2       23.8       24.6
        42       24.4       23.8       24.7
        43       24.1       23.7       24.5
        44       24.3       23.9       24.6
        45       24.2       23.6       24.5
        46       24.1       23.6       24.5
        47       24.2       23.8       24.6
        48       24.3       24.0       24.6
        49       24.2       23.7       24.6
        50       24.3       23.9       24.6
        51       24.4       24.1       24.8
        52       24.6       24.2       24.9
        53       24.6       24.2       24.9
        54       23.8       23.3       24.6
        55       23.3       22.5       24.2
        56       23.2       22.1       24.3
        57       22.7       21.8       23.8
        58       23.3       21.6       24.2
        59       21.4       19.5       23.7
        60       22.0       20.7       23.4
        61       22.9       20.2       24.4
        62       23.3       22.0       24.3
        63       23.7       21.6       24.5
        64       23.3       22.0       24.6
        65       23.2       21.7       24.4
        66       24.2       23.4       24.6
        67       23.7       21.9       24.7
        68       24.2       24.0       24.5
        69       24.3       23.7       24.6
        70       24.0       23.3       24.4
        71       22.7       20.3       24.4
        72       23.1       21.8       24.2
        73       23.5       21.9       24.1
        74       23.4       22.6       24.2
        75       23.4       21.3       24.5
        76       23.6       22.5       24.5
        77       23.7       22.3       24.3
        78       24.0       23.2       24.5
        79       24.3       23.7       24.6
        80       24.3       23.7       24.6
        81       24.6       24.4       24.8
        82       24.7       24.4       25.0
        83       24.5       24.2       24.9
        84       24.7       24.4       25.0
        85       24.9       24.8       25.2
        86       24.8       24.3       25.2
        87       24.1       23.0       24.8
        88       24.4       23.9       24.8
        89       24.7       23.5       25.1
        90       24.9       24.7       25.2
        91       25.3       25.1       25.6
        92       25.5       25.2       25.7
        93       25.3       24.7       25.6
        94       25.6       25.4       25.9
        95       25.7       25.6       26.0
        96       26.0       25.8       26.2
        97       26.2       25.8       26.5
        98       26.2       26.0       26.5
        99       26.5       26.3       26.8
       100       26.6       26.4       26.9
       101       26.9       26.7       27.2
       102       26.9       26.7       27.3
       103       27.0       26.3       27.4
       104       27.3       27.0       27.5
       105       27.4       27.0       27.8
       106       27.7       27.4       27.9
       107       27.7       27.5       28.1
       108       27.4       25.7       28.3
       109       26.9       25.2       27.6
       110       26.4       25.1       27.2
       111       26.2       23.3       27.3
       112       27.2       26.7       27.4
       113       26.9       25.5       27.6
       114       25.8       23.9       27.5
       115       27.1       26.0       27.6
       116       27.4       27.2       27.9
       117       27.5       26.8       27.9
       118       27.5       27.2       27.9
       119       27.7       27.1       28.1
       120       27.5       26.9       28.0
       121       27.6       26.9       28.2
       122       27.1       25.0       28.1
       123       27.8       27.6       28.0
       124       27.7       26.4       28.1
       125       27.5       26.4       28.4
       126       26.2       25.0       27.3
       127       26.1       25.1       26.7
       128       21.0       20.4       21.7
       129       22.2       21.8       22.7
       130       22.2       21.4       22.7
       131       21.9       21.6       22.3
       132       21.9       21.4       22.2
       133       22.3       21.9       23.4
       134       23.0       22.1       24.0
       135       24.4       22.8       25.2
       136       24.1       22.1       25.1
       137       23.8       23.0       25.0
       138       23.6       22.3       24.9
       139       23.6       23.2       24.2
       140       23.9       23.4       24.3
       141       23.6       23.2       24.3
       142       24.6       23.6       25.5
       143       24.3       23.0       25.0
       144       24.9       23.9       25.8
       145       24.8       23.5       26.2
       146       24.2       23.0       24.9
       147       23.1       21.5       24.0
       148       23.7       23.2       24.2
       149       23.3       23.0       23.4
       150       23.4       23.2       23.6
       151       22.0       20.6       24.1
       152       22.9       21.3       23.8
       153       23.0       21.7       24.3
       154       23.3       22.8       23.8
       155       23.6       22.9       24.0
       156       23.5       22.7       24.1
       157       23.7       23.0       24.2
       158       24.7       24.0       25.2
       159       24.5       23.3       25.0
       160       24.3       23.4       25.1
       161       24.2       21.5       25.1
       162       24.1       23.3       25.2
       163       25.2       23.9       25.9
       164       25.7       24.6       26.3
       165       25.3       24.5       25.9
       166       25.4       24.5       26.2
       167       25.7       24.6       27.1
       168       26.5       24.7       27.5
       169       24.9       24.1       26.4
       170       27.2       26.4       27.6
       171       27.5       27.1       27.8
       172       28.0       27.3       28.4
       173       28.7       28.3       29.1
       174       29.0       28.2       29.8
       175       28.4       26.3       30.2
       176       29.8       28.3       30.7
       177       30.2       29.2       30.8
       178       29.3       28.7       29.8
       179       30.2       28.8       30.9
       180       30.5       30.0       31.0
       181       30.6       29.7       31.2
       182       29.3       25.2       30.6
       183       29.1       26.5       30.5
       184       29.1       26.5       30.0
       185       29.3       28.9       29.6
       186       28.9       28.6       29.3
       187       29.3       28.9       30.0
       188       29.5       29.3       29.6
       189       30.1       29.4       30.4
       190       30.4       29.7       30.9
       191       30.8       30.7       30.9
       192       29.0       26.5       31.6
       193       29.3       27.9       30.5
       194       30.0       27.4       31.7
       195       28.4       26.2       31.1
       196       28.1       26.0       30.3
       197       27.9       26.5       28.9
       198       30.7       29.8       31.4
       199       28.8       27.3       30.7
       200       29.5       27.6       30.7
       201       31.3       29.8       32.4
       202       30.2       27.8       32.4
       203       30.3       25.9       32.8
       204       27.7       25.5       31.2
       205       29.9       27.0       32.7
       206       29.6       26.7       33.2
       207       28.9       25.8       33.0
       208       29.2       25.6       33.4
       209       30.3       27.5       33.0
       210       29.5       25.1       33.0
       211       32.6       29.0       35.1
       212       34.0       29.7       35.0
       213       30.4       27.8       34.8
       214       32.2       29.3       34.8
       215       32.8       30.7       34.5
       216       33.6       29.5       35.6
       217       34.2       32.4       35.4
       218       33.4       29.5       36.7
       219       35.5       34.3       36.3
       220       34.9       32.5       36.1
       221       34.1       32.3       35.3
       222       35.0       33.1       35.9
       223       34.5       32.2       36.2
       224       36.9       35.3       38.5
       225       38.4       38.1       39.0
       226       36.5       36.2       36.6
       227       36.7       36.1       37.0
       228       36.8       36.4       37.0
       229       36.9       36.5       37.3
       230       39.1       36.7       39.6
       231       39.8       39.2       40.4
       232       40.1       39.5       40.8
       233       40.4       40.1       41.0
       234       38.4       37.4       38.8
       235       39.9       37.9       40.9
       236       40.6       39.3       41.6
       237       41.0       39.3       41.8
       238       41.1       40.3       42.4
       239       41.4       40.0       42.7
       240       40.8       38.7       42.4
       241       39.0       38.3       39.4
       242       39.9       38.3       40.2
       243       40.5       39.2       41.3
       244       40.8       40.2       41.4
       245       40.0       37.6       41.6
       246       40.7       38.5       41.2
       247       38.7       35.3       41.2
       248       39.4       37.1       41.3
       249       41.5       37.1       42.3
       250       43.1       42.1       43.5
       251       41.5       38.0       43.8
       252       41.2       39.5       43.5
       253       44.5       42.2       45.2
       254       43.4       41.8       45.9
       255       44.4       38.5       47.4
       256       39.9       38.7       40.2
       257       47.9       46.0       48.3
       258       47.6       47.0       48.1
       259       44.9       40.9       47.0
       260       44.6       43.0       46.3
       261       44.7       40.6       46.2
       262       46.6       46.1       47.0
       263       46.2       45.9       46.8
       264       46.0       45.7       46.6
       265       45.2       43.4       45.7
       266       45.5       45.1       46.0
       267       46.1       45.7       46.3
       268       43.5       39.7       46.7
       269       45.7       41.6       46.5
       270       45.9       43.7       47.2
       271       44.8       38.6       46.9
       272       45.2       39.9       46.3
       273       42.9       40.3       44.6
       274       43.3       40.2       46.7
       275       44.9       39.7       47.4
       276       47.1       46.6       47.8
       277       45.4       39.1       50.1
       278       49.0       48.3       49.9
       279       48.7       46.0       50.2
       280       49.7       48.6       50.9
       281       50.2       49.3       51.4
       282       51.1       50.2       51.6
       283       51.8       50.8       52.5
       284       51.0       49.4       53.1
       285       51.2       50.2       52.5
       286       51.8       46.2       55.5
       287       51.1       49.9       53.0
       288       50.1       38.3       56.3
       289       49.5       43.4       53.5
       290       51.4       47.8       53.3
       291       54.8       54.1       55.1
       292       56.3       55.4       57.7
       293       57.2       56.5       58.2
       294       55.7       50.9       57.5
       295       53.7       49.0       56.9
       296       45.8       42.3       49.8
       297       52.3       47.5       55.4
       298       53.2       49.9       55.8
       299       53.6       50.3       56.4
       300       55.3       52.9       56.6
       301       55.2       49.1       58.5
       302       54.5       51.2       56.0
       303       53.2       43.9       57.7
       304       51.8       47.0       58.1
       305       54.4       51.3       57.2
       306       57.6       56.1       59.2
       307       56.1       52.6       58.9
       308       56.0       50.5       58.5
       309       57.7       55.2       60.8
       310       57.0       54.5       59.7
       311       58.1       54.4       60.1
       312       58.8       56.7       61.9
       313       58.8       56.9       60.2
       314       61.8       60.1       63.5
       315       66.2       64.1       69.4
       316       65.3       63.7       68.7
       317       59.4       58.0       60.8
       318       60.8       55.4       64.9
       319       60.4       52.4       65.1
       320       57.3       49.6       61.8
       321       60.9       52.2       65.3
       322       61.7       58.2       64.7
       323       61.9       58.3       65.7
       324       62.8       59.0       69.2
       325       59.1       53.4       64.8
       326       59.7       56.5       64.3
       327       63.5       59.2       66.2
       328       60.2       51.7       66.0
       329       61.1       56.5       68.1
       330       59.8       56.2       67.6
       331       60.8       49.9       67.7
       332       62.2       50.2       68.3
       333       65.5       63.1       69.8
       334       65.4       62.5       68.2
       335       67.2       58.5       77.5
       336       74.3       70.2       84.5
       337       76.7       72.7       86.0
       338       77.1       72.9       85.6
       339       77.4       71.0       84.9
       340       78.8       75.4       87.2
       341       80.0       76.3       86.8
       342       80.0       75.2       89.8
       343       80.9       75.4       88.4
       344       77.9       70.8       90.3
       345       79.5       74.0       86.3
       346       79.8       76.0       86.7
       347       80.4       76.3       88.9
       348       72.0       68.2       76.3
       349       68.7       65.7       75.1
       350       70.2       66.1       75.3
       351       70.7       67.7       75.6
       352       73.5       68.2       80.1
       353       74.0       67.0       80.3
       354       71.6       65.9       78.3
       355       71.4       65.7       81.2
       356       74.0       66.4       82.3
       357       73.1       65.8       80.6
       358       74.4       68.9       82.3
       359       78.3       70.8       86.4
       360       76.3       66.0       89.2
       361       77.8       68.0       89.9
       362       78.1       68.2       90.5
       363       78.8       67.0       92.3
       364       75.9       68.0       88.6
       365       77.7       71.2       84.3
       366       82.2       69.3       90.4
       367       78.6       72.3       90.2
       368       74.9       65.7       87.9
       369       79.6       67.8       97.1
       370       81.6       70.8       89.7
       371       94.0       87.3      111.9
       372       98.0       89.5      125.2
       373       98.1       91.0      112.6
       374       95.5       86.4      110.4
       375       84.2       73.0      101.4
       376       81.5       74.2       94.3
       377       81.4       70.5      105.6
       378       83.7       69.8      106.7
       379       83.2       72.4      102.2
       380       83.1       71.1       97.2
       381       87.9       75.3      103.0
       382       84.0       74.4      102.1
       383       88.3       71.4      108.1
       384       87.7       73.2      105.5
       385       83.3       70.2      102.4
       386       88.9       72.0      111.8
       387       90.2       79.0      107.8
       388       91.0       75.1      114.6
       389       89.1       72.3      110.1
       390       93.2       79.4      126.0
       391       85.6       74.1      107.3
       392       89.2       70.4      111.0
       393       91.3       75.1      115.4
       394       87.1       68.3      115.8
       395       89.2       70.9      111.7
       396       89.3       69.3      119.5
       397       92.6       75.8      119.8
       398       91.7       72.1      118.8
       399       90.9       79.4      116.6
       400       92.8       79.7      122.6
       401       90.1       74.3      120.6
       402       93.1       76.3      127.4
       403       97.7       79.6      126.0
       404       94.7       78.9      121.4
       405       94.3       77.7      115.5
       406      110.1       99.8      137.1
       407      119.9      107.9      158.5
       408      120.8      107.4      161.0
       409      126.3      111.5      173.6
       410      124.2      108.7      165.2
       411      128.4      111.0      176.4
       412      128.4      108.5      170.6
       413      122.3      108.0      164.3
       414      101.4       86.2      126.8
       415       76.4       66.5      137.5
       416       78.3       67.3      154.5
       417       83.9       66.1      151.4
       418       80.8       67.0      152.1
       419       80.0       67.8      161.4
       420       80.6       67.9      167.4
       421       78.9       67.3      147.4
       422       80.3       67.0      165.4
       423       77.7       67.9      171.3
       424       81.1       68.0      169.8
       425       78.4       67.1      172.3
       426       83.1       67.5      161.8
       427       83.0       68.1      177.7
       428       79.2       69.7      183.3
       429       78.7       69.5      181.2
       430       78.7       69.7      163.5
       431      109.1       80.3      202.2
       432       85.6       72.2      164.2
       433       82.6       70.2      181.8
       434       85.5       73.3      174.6
       435       79.1       70.2      191.7
       436       87.5       70.7      181.3
       437       80.6       70.3      195.0
       438       83.2       71.3      198.4
       439       83.3       72.2      199.8
       440       85.0       71.7      199.2
       441       88.9       73.5      191.8
       442       93.2       73.2      203.6
       443       83.0       73.4      202.7
       444       88.1       73.0      205.8
       445      103.2       76.8      192.8
       446       88.4       73.7      212.7
       447       85.4       74.4      213.9
       448       84.5       74.6      212.8
       449       86.8       77.6      211.7
       450       91.9       77.5      215.7
       451       97.3       77.3      216.6
       452      100.5       80.1      206.1
       453      111.1       95.4      225.0
       454      146.6      138.2      242.1
       455      147.8      139.3      259.4
       456      150.4      141.9      230.2
       457      146.8      138.2      229.6
       458      104.7       83.5      205.2
       459       99.9       81.6      233.5
       460      104.1       87.6      236.2
       461      102.5       87.4      235.2
       462       94.7       84.5      228.3
       463      106.0       90.1      239.1
       464      100.8       87.8      235.6
       465      114.9       94.9      242.4
       466       96.0       86.4      215.7
       467      105.3       90.2      249.8
       468       95.5       86.1      233.2
       469      111.5       94.6      244.3
       470      110.3       92.1      255.7
       471      108.8       93.4      259.7
       472      113.2       94.8      258.2
       473      107.5       94.8      258.9
       474      113.0       94.8      253.5
       475      113.7       99.4      247.7
       476      112.1       97.8      265.4
       477      111.8       97.0      267.6
       478      115.7       98.5      256.4
       479      110.2       93.6      266.1
       480      129.2      102.7      251.8
       481      120.6      104.8      262.1
       482      180.1      166.9      294.9
       483      132.4      111.1      266.8
       484      120.7      104.2      258.8
       485      122.2      104.5      271.8
       486      127.9      107.2      253.4
       487      122.2      106.2      272.5
       488      125.0      110.1      272.0
       489      126.8      108.4      275.5
       490      131.3      111.0      269.4
       491      132.7      110.1      261.1
       492      128.0      109.6      287.2
       493      135.5      117.4      254.4
       494      146.3      123.9      265.3
       495      157.7      131.3      270.8
       496      171.1      144.3      296.8
       497      161.5      138.9      277.4
       498      167.0      138.5      292.4
       499      167.3      139.1      276.9
       500      177.4      145.8      260.5
       501      175.5      146.5      304.6
       502      185.9      156.7      307.4
       503      182.0      157.3      299.9
       504      175.6      149.9      207.8
       505      174.8      156.4      228.8
       506      201.7      172.5      288.2
       507      195.4      144.5      308.7
       508      190.8      173.0      303.9
       509      197.3      178.7      306.4
       510      185.7      170.3      263.9
       511      179.4      162.4      244.1
       512       81.6       80.0       84.4
