        16       13.8        9.9       15.7
        17       15.7       15.6       15.7
        18       15.7       15.7       15.7
        19       15.7       15.7       15.7
        20       15.7       15.7       15.7
        21       15.7       15.7       15.7
        22       15.7       15.6       15.7
        23       15.7       15.7       15.7
        24       15.7       15.7       15.7
        25       15.7       15.7       15.7
        26       15.7       15.7       15.7
        27       15.7       15.7       15.7
        28       15.7       15.7       15.7
        29       15.7       15.7       15.7
        30       15.7       15.7       15.7
        31       15.8       15.7       15.8
        32       15.8       15.7       15.8
        33       15.8       15.7       15.8
        34       15.8       15.8       15.8
        35       15.8       15.8       15.8
        36       15.8       15.8       15.8
        37       15.8       15.8       15.8
        38       15.8       15.8       15.8
        39       15.8       15.8       15.8
        40       15.8       15.8       15.8
        41       15.8       15.8       15.8
        42       15.8       15.8       15.8
        43       15.8       15.8       15.8
        44       15.8       15.8       15.8
        45       15.8       15.8       15.9
        46       15.9       15.9       15.9
        47       15.9       15.9       15.9
        48       15.9       15.8       15.9
        49       15.9       15.9       15.9
        50       15.9       15.9       15.9
        51       15.7       15.3       15.9
        52       15.8       15.8       15.9
        53       15.9       15.9       15.9
        54       15.9       15.9       15.9
        55       15.9       15.9       15.9
        56       15.9       15.8       15.9
        57       15.9       15.8       15.9
        58       15.9       15.9       15.9
        59       15.9       15.8       15.9
        60       15.9       15.9       15.9
        61       15.9       15.9       15.9
        62       15.9       15.9       15.9
        63       15.9       15.9       15.9
        64       15.9       15.9       15.9
        65       16.0       16.0       16.0
        66       16.1       16.0       16.1
        67       16.2       16.2       16.2
        68       16.3       16.3       16.3
        69       16.4       16.4       16.4
        70       16.5       16.5       16.5
        71       16.6       16.6       16.7
        72       16.8       16.8       16.8
        73       17.0       17.0       17.0
        74       17.1       17.1       17.1
        75       17.2       17.2       17.2
        76       17.3       17.3       17.3
        77       17.6       17.5       17.6
        78       17.6       17.5       17.6
        79       17.9       17.8       17.9
        80       18.1       18.0       18.1
        81       18.1       18.1       18.1
        82       18.4       18.3       18.4
        83       18.0       18.0       18.1
        84       18.3       18.3       18.3
        85       18.9       18.9       18.9
        86       18.6       18.6       18.7
        87       18.8       18.8       18.8
        88       19.2       19.1       19.2
        89       19.5       19.4       19.5
        90       19.6       19.5       19.6
        91       19.8       19.7       19.8
        92       19.7       19.7       19.8
        93       20.1       20.1       20.1
        94       20.3       20.2       20.3
        95       20.4       20.3       20.4
        96       20.6       20.6       20.6
        97       20.6       20.6       20.6
        98       20.9       20.9       20.9
        99       20.8       20.8       20.8
       100       21.2       21.2       21.2
       101       20.9       20.8       20.9
       102       21.5       21.5       21.5
       103       21.4       21.3       21.4
       104       21.5       21.5       21.5
       105       21.6       21.6       21.6
       106       21.5       21.5       21.5
       107       22.2       22.2       22.2
       108       21.4       21.4       21.4
       109       22.4       22.4       22.4
       110       22.0       22.0       22.0
       111       22.2       22.2       22.3
       112       22.4       22.4       22.4
       113       22.5       22.5       22.5
       114       22.9       22.9       22.9
       115       22.5       22.5       22.6
       116       23.3       23.3       23.3
       117       20.8       20.8       20.8
       118       23.2       23.2       23.2
       119       21.2       21.2       21.2
       120       22.7       22.7       22.7
       121       22.1       22.1       22.1
       122       22.3       22.2       22.3
       123       23.1       23.0       23.1
       124       22.1       22.1       22.2
       125       24.0       23.9       24.0
       126       20.8       20.8       20.8
       127       25.0       25.0       25.0
       128       18.8       18.7       18.8
       129       25.3       25.3       25.3
       130       21.4       21.3       21.5
       131       25.0       25.0       25.0
       132       23.3       23.3       23.3
       133       24.4       24.4       24.4
       134       24.0       24.0       24.0
       135       24.0       23.9       24.0
       136       25.1       25.1       25.1
       137       23.6       23.6       23.6
       138       26.6       26.6       26.6
       139       23.4       23.3       23.4
       140       26.5       26.4       26.5
       141       26.2       26.2       26.3
       142       27.3       27.3       27.3
       143       27.2       27.2       27.2
       144       27.1       27.1       27.1
       145       27.8       27.8       27.8
       146       27.4       27.4       27.4
       147       28.3       28.2       28.3
       148       27.7       27.7       27.7
       149       28.5       28.5       28.5
       150       28.1       28.1       28.1
       151       29.1       29.1       29.1
       152       28.8       28.8       28.8
       153       29.0       28.9       29.0
       154       29.5       29.4       29.6
       155       29.1       29.1       29.1
       156       29.9       29.8       29.9
       157       29.6       29.6       29.6
       158       30.4       30.4       30.4
       159       30.1       30.1       30.1
       160       30.4       30.4       30.4
       161       30.6       30.5       30.6
       162       30.4       30.3       30.4
       163       30.9       30.9       31.0
       164       30.5       30.5       30.6
       165       31.7       31.7       31.8
       166       31.0       31.0       31.0
       167       30.9       30.9       30.9
       168       32.1       32.0       32.1
       169       31.6       31.6       31.7
       170       32.5       32.4       32.5
       171       33.1       33.1       33.1
       172       32.3       32.3       32.3
       173       31.9       31.9       32.0
       174       32.5       32.5       32.5
       175       32.4       32.3       32.4
       176       32.4       32.4       32.4
       177       32.4       32.4       32.4
       178       32.9       32.9       32.9
       179       33.8       33.8       33.9
       180       33.8       33.8       33.8
       181       32.9       32.9       32.9
       182       33.8       33.7       33.8
       183       34.2       34.2       34.2
       184       33.6       33.6       33.6
       185       35.0       35.0       35.0
       186       35.6       35.5       35.6
       187       34.1       34.1       34.1
       188       35.8       35.8       35.8
       189       35.5       35.4       35.5
       190       34.5       34.5       34.5
       191       35.4       35.4       35.4
       192       33.8       33.8       33.9
       193       36.3       36.3       36.3
       194       36.7       36.7       36.7
       195       34.8       34.8       34.9
       196       35.6       35.6       35.7
       197       35.4       35.4       35.4
       198       35.5       35.5       35.5
       199       35.5       35.5       35.5
       200       36.5       36.5       36.5
       201       35.7       35.7       35.7
       202       37.9       37.9       37.9
       203       36.9       36.9       37.0
       204       37.3       37.3       37.3
       205       39.6       39.5       39.6
       206       36.7       36.7       36.7
       207       37.6       37.6       37.6
       208       36.6       36.6       36.7
       209       37.5       37.5       37.6
       210       37.7       37.6       37.7
       211       38.6       38.6       38.6
       212       38.0       37.9       38.0
       213       38.8       38.7       38.8
       214       39.2       39.2       39.2
       215       39.0       39.0       39.1
       216       41.4       41.3       41.4
       217       37.9       37.7       37.9
       218       42.2       42.2       42.3
       219       42.0       42.0       42.1
       220       38.7       38.7       38.7
       221       39.4       39.3       39.4
       222       39.1       39.1       39.2
       223       39.6       39.6       39.6
       224       39.6       39.5       39.6
       225       39.6       39.6       39.7
       226       39.7       39.7       39.7
       227       39.7       39.6       39.7
       228       44.6       44.6       44.7
       229       41.3       41.3       41.3
       230       44.5       44.5       44.6
       231       40.2       40.2       40.3
       232       40.3       40.3       40.3
       233       40.6       40.5       40.6
       234       41.5       41.4       41.5
       235       45.1       45.1       45.1
       236       40.8       40.8       40.8
       237       41.1       41.1       41.1
       238       40.9       40.9       40.9
       239       41.1       41.1       41.1
       240       42.4       42.4       42.4
       241       42.6       42.5       42.6
       242       44.4       44.3       44.4
       243       40.0       39.9       40.0
       244       43.1       43.1       43.2
       245       39.4       39.4       39.4
       246       47.0       46.8       47.1
       247       39.5       39.4       39.5
       248       41.2       41.2       41.3
       249       40.8       40.8       40.8
       250       40.5       40.4       40.5
       251       42.2       42.1       42.2
       252       47.1       46.9       47.1
       253       43.9       43.9       44.0
       254       40.5       40.4       40.5
       255       43.9       43.9       43.9
       256       34.4       34.2       34.4
       257       44.3       44.3       44.3
       258       41.7       41.6       41.7
       259       46.2       46.2       46.3
       260       47.3       47.1       47.4
       261       47.1       47.0       47.2
       262       43.0       43.0       43.0
       263       47.7       47.6       47.8
       264       42.3       42.2       42.4
       265       41.8       41.8       41.9
       266       50.7       50.5       50.9
       267       42.8       42.8       42.8
       268       46.2       46.1       46.2
       269       45.8       45.7       45.9
       270       46.5       46.5       46.5
       271       46.2       46.1       46.2
       272       50.3       50.3       50.4
       273       48.3       48.1       48.5
       274       47.6       47.6       47.7
       275       55.8       55.6       55.9
       276       47.6       47.6       47.6
       277       52.6       52.5       52.8
       278       46.3       46.2       46.3
       279       47.5       47.5       47.5
       280       49.3       49.3       49.3
       281       50.2       50.2       50.2
       282       48.1       48.1       48.2
       283       49.5       49.4       49.5
       284       50.1       50.0       50.2
       285       49.9       49.9       49.9
       286       49.2       49.2       49.2
       287       51.7       51.7       51.8
       288       49.6       49.6       49.6
       289       50.4       50.4       50.5
       290       50.6       50.6       50.6
       291       50.0       49.9       50.0
       292       56.8       56.5       56.9
       293       50.8       50.7       50.8
       294       53.9       53.8       53.9
       295       62.7       62.6       62.8
       296       59.1       58.9       59.2
       297       54.9       54.9       55.0
       298       54.1       54.0       54.1
       299       55.2       55.2       55.3
       300       52.6       52.6       52.6
       301       53.5       53.5       53.5
       302       53.2       53.1       53.2
       303       53.4       53.4       53.4
       304       53.4       53.4       53.5
       305       57.1       56.9       57.2
       306       54.7       54.7       54.7
       307       58.5       58.4       58.5
       308       56.8       56.6       56.9
       309       56.3       56.2       56.4
       310       68.8       68.7       68.8
       311       55.8       55.8       55.9
       312       53.6       53.5       53.6
       313       57.4       57.4       57.4
       314       55.4       55.4       55.5
       315       53.8       53.7       53.8
       316       55.0       54.9       55.0
       317       54.5       54.5       54.6
       318       55.7       55.7       55.8
       319       59.2       59.1       59.3
       320       52.8       52.7       52.9
       321       58.2       58.1       58.2
       322       60.0       59.8       60.0
       323       55.7       55.7       55.7
       324       55.9       55.8       55.9
       325       55.1       55.0       55.1
       326       73.0       72.9       73.1
       327       58.5       58.5       58.5
       328       56.3       56.3       56.3
       329       59.2       59.1       59.3
       330       77.1       77.0       77.2
       331       56.9       56.9       56.9
       332       56.9       56.9       57.0
       333       57.2       57.1       57.2
       334       61.1       61.0       61.3
       335       60.6       60.6       60.7
       336       57.4       57.2       57.5
       337       81.4       81.2       81.5
       338       57.6       57.6       57.7
       339       59.2       59.2       59.2
       340       63.4       63.2       63.6
       341       67.0       67.0       67.1
       342       75.7       75.5       75.9
       343       60.9       60.9       61.1
       344       60.8       60.8       60.9
       345       59.7       59.6       59.7
       346       64.9       64.8       65.0
       347       59.4       59.3       59.4
       348       62.0       61.9       62.1
       349       76.7       76.7       76.8
       350       61.7       61.7       61.8
       351       60.2       60.2       60.3
       352       60.2       60.2       60.3
       353       69.5       69.4       69.7
       354       65.2       65.0       65.3
       355       62.8       62.8       62.8
       356       64.3       64.2       64.4
       357       63.4       63.3       63.4
       358       77.1       77.1       77.2
       359       60.8       60.7       60.9
       360       63.5       63.5       63.6
       361       64.5       64.4       64.6
       362       63.7       63.6       63.7
       363       65.4       65.4       65.4
       364       63.4       63.4       63.4
       365       62.7       62.7       62.8
       366       69.1       69.0       69.2
       367       64.9       64.8       64.9
       368       61.9       61.8       62.0
       369       64.8       64.7       64.8
       370       88.6       88.4       89.0
       371       61.1       61.0       61.1
       372       62.4       62.2       62.6
       373       60.3       60.2       60.3
       374       65.8       65.7       65.8
       375       60.8       60.6       60.8
       376       63.2       63.1       63.3
       377       61.1       61.1       61.1
       378       89.8       89.7       89.9
       379       64.1       64.1       64.1
       380       62.1       62.0       62.1
       381       64.1       64.0       64.1
       382       75.5       75.4       75.6
       383       64.8       64.8       64.8
       384       55.2       55.1       55.3
       385       70.2       70.2       70.2
       386       85.4       85.2       85.4
       387      106.4      106.3      106.5
       388       89.6       89.2       89.6
       389       70.0       69.8       70.0
       390       66.3       66.3       66.4
       391       65.5       65.5       65.6
       392       71.8       71.7       71.8
       393       67.3       67.2       67.4
       394       67.0       66.9       67.0
       395       68.3       68.3       68.3
       396       67.6       67.5       67.7
       397       93.6       93.5       93.7
       398       71.4       71.4       71.5
       399      108.1      108.0      108.3
       400       74.9       74.9       75.0
       401       69.4       69.4       69.5
       402       71.1       70.9       71.1
       403       72.5       72.4       72.7
       404      105.4      105.4      105.5
       405       75.6       75.5       75.7
       406       72.8       72.7       72.8
       407       75.6       75.5       75.7
       408       88.5       88.2       88.6
       409       78.7       78.5       79.1
       410       84.6       84.0       86.0
       411       76.1       76.0       76.2
       412       76.6       76.6       76.7
       413       75.6       75.6       75.7
       414       76.1       76.1       76.1
       415       77.1       77.0       77.2
       416       78.9       78.8       78.9
       417       82.8       82.8       82.9
       418       86.1       85.9       86.2
       419       83.2       83.2       83.4
       420       80.2       80.1       80.3
       421       79.5       79.5       79.6
       422       80.9       80.9       81.0
       423       78.0       78.0       78.0
       424       87.6       87.5       87.8
       425       88.0       87.9       88.1
       426       86.1       85.9       86.1
       427       82.5       82.4       82.6
       428       87.0       86.9       87.1
       429       85.9       85.7       85.9
       430       92.3       92.3       92.4
       431       82.7       82.6       82.8
       432       94.1       94.0       94.2
       433       85.7       85.6       85.7
       434       86.0       85.8       86.0
       435      116.1      116.0      116.3
       436      128.8      128.6      129.0
       437      125.2      125.1      125.3
       438      129.3      129.2      129.3
       439       94.3       94.3       94.4
       440       87.7       87.6       87.7
       441       88.8       88.8       88.9
       442       88.3       88.1       88.3
       443      131.4      131.2      131.5
       444       90.5       90.4       90.5
       445       89.4       89.2       89.5
       446       94.1       94.0       94.1
       447       91.4       91.4       91.5
       448       93.8       93.7       93.9
       449       92.7       92.7       92.8
       450       94.3       94.1       94.4
       451      145.4      144.7      145.6
       452       95.2       95.1       95.3
       453      117.3      117.2      117.4
       454       95.8       95.7       95.8
       455       99.6       99.6       99.7
       456      133.7      133.7      133.8
       457      126.0      125.9      126.1
       458      120.2      120.1      120.5
       459      126.8      126.5      126.9
       460      132.1      131.0      132.3
       461      101.5      101.3      101.6
       462      101.5      101.5      101.5
       463      124.3      124.3      124.4
       464      101.5      101.5      101.6
       465      151.2      151.2      151.3
       466      105.2      105.1      105.2
       467      102.3      102.2      102.3
       468      114.9      114.4      115.1
       469      113.9      113.9      114.0
       470      132.1      131.6      132.2
       471      111.6      111.5      111.7
       472      110.7      110.7      110.7
       473      105.3      105.2      105.3
       474      106.3      106.3      106.3
       475      129.8      129.8      129.9
       476      107.2      107.2      107.3
       477      116.4      116.1      116.5
       478      109.6      109.4      109.9
       479      109.4      109.2      109.5
       480      130.6      130.6      130.7
       481      151.3      151.3      151.5
       482      128.2      128.2      128.2
       483      128.2      127.2      128.7
       484      136.5      136.2      136.6
       485      143.7      143.5      143.8
       486      111.0      110.6      111.1
       487      111.2      111.0      111.3
       488      111.3      111.2      111.4
       489      114.4      114.1      114.5
       490      118.9      117.4      119.1
       491      112.9      112.9      113.0
       492      152.4      152.1      152.5
       493      113.4      113.3      113.5
       494      111.2      111.0      111.3
       495      118.4      118.2      118.5
       496      114.7      114.5      114.8
       497      111.9      111.8      112.1
       498      115.9      115.4      116.3
       499      113.4      113.3      113.5
       500      116.3      116.1      116.4
       501      132.5      132.0      133.2
       502      112.5      112.4      112.6
       503      103.9      103.2      104.2
       504      153.2      152.2      153.4
       505       96.5       96.0       96.8
       506      100.7      100.4      100.9
       507      102.8      102.2      102.9
       508       93.6       93.1       93.8
       509      105.1      104.7      105.2
       510       86.5       86.4       86.5
       511      126.9      126.7      127.2
       512       74.1       73.9       74.2
