           1     3.962955        517     118.1       0%        1.0
           2     1.948234       1051      58.1     102%        2.0
           3     1.276448       1604      38.0     103%        3.1
           4     0.952425       2150      28.4     102%        4.2
           5     0.788237       2598      23.5      86%        5.0
           6     0.655034       3127      19.5     101%        6.1
           7     0.562369       3642      16.8      99%        7.0
           8     0.489740       4182      14.6     103%        8.1
           9     0.428405       4781      12.8     113%        9.3
          10     0.386212       5303      11.5      98%       10.3
          11     0.356956       5737      10.6      83%       11.1
          12     0.323398       6333       9.6     113%       12.3
          13     0.299299       6843       8.9      97%       13.2
          14     0.295106       6940       8.8      20%       13.4
          15     0.263143       7783       7.8     162%       15.1
          16     0.253489       8079       7.6      59%       15.6
          17     0.237823       8611       7.1     105%       16.7
          18     0.228117       8978       6.8      73%       17.4
          19     0.226637       9036       6.8      12%       17.5
          20     0.218835       9359       6.5      69%       18.1
          21     0.220015       9308       6.6     -11%       18.0
          22     0.221612       9241       6.6     -16%       17.9
          23     0.216741       9449       6.5      51%       18.3
          24     0.228337       8969       6.8    -128%       17.4
          25     0.216128       9476       6.4     134%       18.3
          26     0.216126       9476       6.4       0%       18.3
          27     0.228953       8945       6.8    -160%       17.3
          28     0.215899       9486       6.4     160%       18.4
          29     0.221739       9236       6.6     -78%       17.9
          30     0.217750       9405       6.5      54%       18.2
          31     0.221362       9252       6.6     -51%       17.9
          32     0.219561       9328       6.5      26%       18.0
          33     0.223956       9145       6.7     -66%       17.7
          34     0.225660       9076       6.7     -26%       17.6
          35     0.221658       9239       6.6      62%       17.9
          36     0.221439       9249       6.6       4%       17.9
          37     0.221423       9249       6.6       0%       17.9
          38     0.221042       9265       6.6       7%       17.9
          39     0.220673       9281       6.6       7%       18.0
          40     0.222514       9204       6.6     -33%       17.8
