           1     3.768191        543     112.3       0%        1.0
           2     1.869020       1096      55.7     101%        2.0
           3     1.239651       1652      36.9     101%        3.0
           4     0.925408       2213      27.6     101%        4.1
           5     0.738465       2773      22.0     101%        5.1
           6     0.611207       3351      18.2     103%        6.2
           7     0.526957       3886      15.7      96%        7.2
           8     0.459930       4453      13.7     102%        8.2
           9     0.409430       5002      12.2      99%        9.2
          10     0.369521       5542      11.0      97%       10.2
          11     0.338152       6056      10.1      93%       11.1
          12     0.311374       6577       9.3      95%       12.1
          13     0.285942       7162       8.5     106%       13.2
          14     0.267949       7643       8.0      88%       14.1
          15     0.252610       8107       7.5      86%       14.9
          16     0.236275       8668       7.0     103%       15.9
          17     0.226163       9055       6.7      73%       16.7
          18     0.218122       9389       6.5      64%       17.3
          19     0.211790       9670       6.3      55%       17.8
          20     0.206914       9898       6.2      46%       18.2
          21     0.205343       9974       6.1      16%       18.4
          22     0.206025       9941       6.1      -7%       18.3
          23     0.205423       9970       6.1       7%       18.3
          24     0.205244       9978       6.1       2%       18.4
          25     0.204307      10024       6.1      11%       18.4
          26     0.205433       9969       6.1     -14%       18.3
          27     0.204853       9997       6.1       8%       18.4
          28     0.208666       9815       6.2     -52%       18.1
          29     0.205005       9990       6.1      51%       18.4
          30     0.205797       9952       6.1     -12%       18.3
          31     0.207360       9877       6.2     -24%       18.2
          32     0.206807       9903       6.2       9%       18.2
          33     0.205966       9943       6.1      13%       18.3
          34     0.206778       9904       6.2     -13%       18.2
          35     0.210134       9746       6.3     -57%       17.9
          36     0.210487       9730       6.3      -6%       17.9
          37     0.212015       9660       6.3     -27%       17.8
          38     0.213131       9609       6.4     -20%       17.7
          39     0.212603       9633       6.3      10%       17.7
          40     0.213682       9584       6.4     -20%       17.6
