      1 3.600000
      6 3.602000
     14 3.604000
     17 3.606000
     19 3.608000
     21 3.610000
     33 3.612000
     31 3.614000
     43 3.616000
     52 3.618000
     55 3.620000
     62 3.622000
     62 3.624000
     78 3.626000
     97 3.628000
    125 3.630000
     95 3.632000
    108 3.634000
    112 3.636000
     79 3.638000
     92 3.640000
     83 3.642000
     76 3.644000
     65 3.646000
     59 3.648000
     57 3.650000
     52 3.652000
     56 3.654000
     61 3.656000
     48 3.658000
     43 3.660000
     35 3.662000
     31 3.664000
     34 3.666000
     19 3.668000
     14 3.670000
      8 3.672000
     11 3.674000
      8 3.676000
     20 3.678000
     21 3.680000
     12 3.682000
      9 3.684000
      5 3.686000
      3 3.688000
      4 3.690000
      4 3.692000
      1 3.694000
      1 3.746000
      1 3.810000
      1 3.814000
      1 3.822000
      1 3.982000
      1 4.086000
      1 17.232000
