 2  435084 2.23928
 3  346640 2.81063
 4  282815 3.44492
 5  248387 3.92241
 6  225718 4.31634
 7  205013 4.75226
 8  188823 5.15973
 9  172209 5.65752
 10  160053 6.08721
 11  155066 6.28298
 12  146555 6.64785
 13  146939 6.63048
 14  137542 7.08348
 15  132279 7.36531
 16  126521 7.70051
 17  129401 7.52912
 18  130502 7.4656
 19  126248 7.71716
 20  120683 8.07302
 21  124462 7.8279
 22  125990 7.73296
 23  119987 8.11985
 24  125722 7.74945
 25  126451 7.70477
 26  118676 8.20955
 27  125075 7.78953
 28  120621 8.07717
 29  118116 8.24847
 30  115155 8.46056
 31  113045 8.61848
 32  112237 8.68052
 33  114680 8.49561
 34  111415 8.74457
 35  111440 8.74261
 36  118951 8.19057
 37  119387 8.16065
 38  121548 8.01557
 39  117586 8.28565
 40  116642 8.3527
 41  123888 7.86417
 42  116283 8.37849
 43  121907 7.99196
 44  114031 8.54396
 45  125800 7.74464
 46  112300 8.67565
 47  122498 7.9534
 48  116627 8.35378
 49  122704 7.94005
 50  116783 8.34262
 51  109901 8.86503
 52  120728 8.07001
 53  115120 8.46313
 54  129335 7.53296
 55  121462 8.02124
 56  114244 8.52803
 57  127789 7.6241
 58  123818 7.86861
 59  119110 8.17963
 60  111015 8.77608
 61  132434 7.35669
 62  123359 7.89789
 63  121242 8.0358
 64  109214 8.9208
