 2  370459 2.25782
 3  303153 2.7591
 4  246000 3.40012
 5  212747 3.93157
 6  196148 4.26427
 7  174216 4.8011
 8  155391 5.38274
 9  145684 5.74139
 10  129351 6.46635
 11  119846 6.9792
 12  118599 7.05258
 13  109413 7.64469
 14  102164 8.18712
 15  101255 8.26062
 16  95576 8.75145
 17  94803 8.82281
 18  96052 8.70809
 19  94074 8.89118
 20  88386 9.46337
 21  90712 9.22071
 22  91918 9.09973
 23  85806 9.74791
 24  86119 9.71248
 25  89044 9.39343
 26  84367 9.91417
 27  88251 9.47784
 28  84667 9.87904
 29  80547 10.3844
 30  77750 10.7579
 31  78449 10.6621
 32  77846 10.7447
 33  78071 10.7137
 34  77625 10.7753
 35  80270 10.4202
 36  81961 10.2052
 37  84373 9.91347
 38  88261 9.47677
 39  76097 10.9916
 40  81277 10.2911
 41  88456 9.45588
 42  77794 10.7518
 43  85244 9.81217
 44  78609 10.6404
 45  85311 9.80447
 46  75438 11.0876
 47  83722 9.99055
 48  79916 10.4664
 49  88284 9.4743
 50  78956 10.5936
 51  75108 11.1364
 52  85115 9.82705
 53  77633 10.7741
 54  92335 9.05863
 55  84572 9.89014
 56  78209 10.6948
 57  92968 8.99696
 58  88157 9.48795
 59  78620 10.6389
 60  76362 10.9535
 61  88344 9.46786
 62  86738 9.64317
 63  82845 10.0963
 64  73410 11.3939
