Demonstrating allocation overhead and rounding with operator new

Platform: macOS (using malloc_size)
Requested size | Actual usable size
---------------|-------------------
1	       | 16
2	       | 16
3	       | 16
4	       | 16
5	       | 16
6	       | 16
7	       | 16
8	       | 16
9	       | 16
10	       | 16
11	       | 16
12	       | 16
13	       | 16
14	       | 16
15	       | 16
16	       | 16
17	       | 32
18	       | 32
19	       | 32
20	       | 32
21	       | 32
22	       | 32
23	       | 32
24	       | 32
25	       | 32
26	       | 32
27	       | 32
28	       | 32
29	       | 32
30	       | 32
31	       | 32
32	       | 32
33	       | 48
34	       | 48
35	       | 48
36	       | 48
37	       | 48
38	       | 48
39	       | 48
40	       | 48
41	       | 48
42	       | 48
43	       | 48
44	       | 48
45	       | 48
46	       | 48
47	       | 48
48	       | 48
49	       | 64
50	       | 64
51	       | 64
52	       | 64
53	       | 64
54	       | 64
55	       | 64
56	       | 64
57	       | 64
58	       | 64
59	       | 64
60	       | 64
61	       | 64
62	       | 64
63	       | 64
64	       | 64
65	       | 80
66	       | 80
67	       | 80
68	       | 80
69	       | 80
70	       | 80
71	       | 80
72	       | 80
73	       | 80
74	       | 80
75	       | 80
76	       | 80
77	       | 80
78	       | 80
79	       | 80
80	       | 80
81	       | 96
82	       | 96
83	       | 96
84	       | 96
85	       | 96
86	       | 96
87	       | 96
88	       | 96
89	       | 96
90	       | 96
91	       | 96
92	       | 96
93	       | 96
94	       | 96
95	       | 96
96	       | 96
97	       | 112
98	       | 112
99	       | 112
100	       | 112
101	       | 112
102	       | 112
103	       | 112
104	       | 112
105	       | 112
106	       | 112
107	       | 112
108	       | 112
109	       | 112
110	       | 112
111	       | 112
112	       | 112
113	       | 128
114	       | 128
115	       | 128
116	       | 128
117	       | 128
118	       | 128
119	       | 128
120	       | 128
121	       | 128
122	       | 128
123	       | 128
124	       | 128
125	       | 128
126	       | 128
127	       | 128
128	       | 128
129	       | 144
130	       | 144
131	       | 144
132	       | 144
133	       | 144
134	       | 144
135	       | 144
136	       | 144
137	       | 144
138	       | 144
139	       | 144
140	       | 144
141	       | 144
142	       | 144
143	       | 144
144	       | 144
145	       | 160
146	       | 160
147	       | 160
148	       | 160
149	       | 160
150	       | 160
151	       | 160
152	       | 160
153	       | 160
154	       | 160
155	       | 160
156	       | 160
157	       | 160
158	       | 160
159	       | 160
160	       | 160
161	       | 176
162	       | 176
163	       | 176
164	       | 176
165	       | 176
166	       | 176
167	       | 176
168	       | 176
169	       | 176
170	       | 176
171	       | 176
172	       | 176
173	       | 176
174	       | 176
175	       | 176
176	       | 176
177	       | 192
178	       | 192
179	       | 192
180	       | 192
181	       | 192
182	       | 192
183	       | 192
184	       | 192
185	       | 192
186	       | 192
187	       | 192
188	       | 192
189	       | 192
190	       | 192
191	       | 192
192	       | 192
193	       | 208
194	       | 208
195	       | 208
196	       | 208
197	       | 208
198	       | 208
199	       | 208
200	       | 208
201	       | 208
202	       | 208
203	       | 208
204	       | 208
205	       | 208
206	       | 208
207	       | 208
208	       | 208
209	       | 224
210	       | 224
211	       | 224
212	       | 224
213	       | 224
214	       | 224
215	       | 224
216	       | 224
217	       | 224
218	       | 224
219	       | 224
220	       | 224
221	       | 224
222	       | 224
223	       | 224
224	       | 224
225	       | 240
226	       | 240
227	       | 240
228	       | 240
229	       | 240
230	       | 240
231	       | 240
232	       | 240
233	       | 240
234	       | 240
235	       | 240
236	       | 240
237	       | 240
238	       | 240
239	       | 240
240	       | 240
241	       | 256
242	       | 256
243	       | 256
244	       | 256
245	       | 256
246	       | 256
247	       | 256
248	       | 256
249	       | 256
250	       | 256
251	       | 256
252	       | 256
253	       | 256
254	       | 256
255	       | 256
256	       | 256
257	       | 272
258	       | 272
259	       | 272
260	       | 272
261	       | 272
262	       | 272
263	       | 272
264	       | 272
265	       | 272
266	       | 272
267	       | 272
268	       | 272
269	       | 272
270	       | 272
271	       | 272
272	       | 272
273	       | 288
274	       | 288
275	       | 288
276	       | 288
277	       | 288
278	       | 288
279	       | 288
280	       | 288
281	       | 288
282	       | 288
283	       | 288
284	       | 288
285	       | 288
286	       | 288
287	       | 288
288	       | 288
289	       | 304
290	       | 304
291	       | 304
292	       | 304
293	       | 304
294	       | 304
295	       | 304
296	       | 304
297	       | 304
298	       | 304
299	       | 304
300	       | 304
301	       | 304
302	       | 304
303	       | 304
304	       | 304
305	       | 320
306	       | 320
307	       | 320
308	       | 320
309	       | 320
310	       | 320
311	       | 320
312	       | 320
313	       | 320
314	       | 320
315	       | 320
316	       | 320
317	       | 320
318	       | 320
319	       | 320
320	       | 320
321	       | 336
322	       | 336
323	       | 336
324	       | 336
325	       | 336
326	       | 336
327	       | 336
328	       | 336
329	       | 336
330	       | 336
331	       | 336
332	       | 336
333	       | 336
334	       | 336
335	       | 336
336	       | 336
337	       | 352
338	       | 352
339	       | 352
340	       | 352
341	       | 352
342	       | 352
343	       | 352
344	       | 352
345	       | 352
346	       | 352
347	       | 352
348	       | 352
349	       | 352
350	       | 352
351	       | 352
352	       | 352
353	       | 368
354	       | 368
355	       | 368
356	       | 368
357	       | 368
358	       | 368
359	       | 368
360	       | 368
361	       | 368
362	       | 368
363	       | 368
364	       | 368
365	       | 368
366	       | 368
367	       | 368
368	       | 368
369	       | 384
370	       | 384
371	       | 384
372	       | 384
373	       | 384
374	       | 384
375	       | 384
376	       | 384
377	       | 384
378	       | 384
379	       | 384
380	       | 384
381	       | 384
382	       | 384
383	       | 384
384	       | 384
385	       | 400
386	       | 400
387	       | 400
388	       | 400
389	       | 400
390	       | 400
391	       | 400
392	       | 400
393	       | 400
394	       | 400
395	       | 400
396	       | 400
397	       | 400
398	       | 400
399	       | 400
400	       | 400
401	       | 416
402	       | 416
403	       | 416
404	       | 416
405	       | 416
406	       | 416
407	       | 416
408	       | 416
409	       | 416
410	       | 416
411	       | 416
412	       | 416
413	       | 416
414	       | 416
415	       | 416
416	       | 416
417	       | 432
418	       | 432
419	       | 432
420	       | 432
421	       | 432
422	       | 432
423	       | 432
424	       | 432
425	       | 432
426	       | 432
427	       | 432
428	       | 432
429	       | 432
430	       | 432
431	       | 432
432	       | 432
433	       | 448
434	       | 448
435	       | 448
436	       | 448
437	       | 448
438	       | 448
439	       | 448
440	       | 448
441	       | 448
442	       | 448
443	       | 448
444	       | 448
445	       | 448
446	       | 448
447	       | 448
448	       | 448
449	       | 464
450	       | 464
451	       | 464
452	       | 464
453	       | 464
454	       | 464
455	       | 464
456	       | 464
457	       | 464
458	       | 464
459	       | 464
460	       | 464
461	       | 464
462	       | 464
463	       | 464
464	       | 464
465	       | 480
466	       | 480
467	       | 480
468	       | 480
469	       | 480
470	       | 480
471	       | 480
472	       | 480
473	       | 480
474	       | 480
475	       | 480
476	       | 480
477	       | 480
478	       | 480
479	       | 480
480	       | 480
481	       | 496
482	       | 496
483	       | 496
484	       | 496
485	       | 496
486	       | 496
487	       | 496
488	       | 496
489	       | 496
490	       | 496
491	       | 496
492	       | 496
493	       | 496
494	       | 496
495	       | 496
496	       | 496
497	       | 512
498	       | 512
499	       | 512
500	       | 512
501	       | 512
502	       | 512
503	       | 512
504	       | 512
505	       | 512
506	       | 512
507	       | 512
508	       | 512
509	       | 512
510	       | 512
511	       | 512
512	       | 512
513	       | 528
514	       | 528
515	       | 528
516	       | 528
517	       | 528
518	       | 528
519	       | 528
520	       | 528
521	       | 528
522	       | 528
523	       | 528
524	       | 528
525	       | 528
526	       | 528
527	       | 528
528	       | 528
529	       | 544
530	       | 544
531	       | 544
532	       | 544
533	       | 544
534	       | 544
535	       | 544
536	       | 544
537	       | 544
538	       | 544
539	       | 544
540	       | 544
541	       | 544
542	       | 544
543	       | 544
544	       | 544
545	       | 560
546	       | 560
547	       | 560
548	       | 560
549	       | 560
550	       | 560
551	       | 560
552	       | 560
553	       | 560
554	       | 560
555	       | 560
556	       | 560
557	       | 560
558	       | 560
559	       | 560
560	       | 560
561	       | 576
562	       | 576
563	       | 576
564	       | 576
565	       | 576
566	       | 576
567	       | 576
568	       | 576
569	       | 576
570	       | 576
571	       | 576
572	       | 576
573	       | 576
574	       | 576
575	       | 576
576	       | 576
577	       | 592
578	       | 592
579	       | 592
580	       | 592
581	       | 592
582	       | 592
583	       | 592
584	       | 592
585	       | 592
586	       | 592
587	       | 592
588	       | 592
589	       | 592
590	       | 592
591	       | 592
592	       | 592
593	       | 608
594	       | 608
595	       | 608
596	       | 608
597	       | 608
598	       | 608
599	       | 608
600	       | 608
601	       | 608
602	       | 608
603	       | 608
604	       | 608
605	       | 608
606	       | 608
607	       | 608
608	       | 608
609	       | 624
610	       | 624
611	       | 624
612	       | 624
613	       | 624
614	       | 624
615	       | 624
616	       | 624
617	       | 624
618	       | 624
619	       | 624
620	       | 624
621	       | 624
622	       | 624
623	       | 624
624	       | 624
625	       | 640
626	       | 640
627	       | 640
628	       | 640
629	       | 640
630	       | 640
631	       | 640
632	       | 640
633	       | 640
634	       | 640
635	       | 640
636	       | 640
637	       | 640
638	       | 640
639	       | 640
640	       | 640
641	       | 656
642	       | 656
643	       | 656
644	       | 656
645	       | 656
646	       | 656
647	       | 656
648	       | 656
649	       | 656
650	       | 656
651	       | 656
652	       | 656
653	       | 656
654	       | 656
655	       | 656
656	       | 656
657	       | 672
658	       | 672
659	       | 672
660	       | 672
661	       | 672
662	       | 672
663	       | 672
664	       | 672
665	       | 672
666	       | 672
667	       | 672
668	       | 672
669	       | 672
670	       | 672
671	       | 672
672	       | 672
673	       | 688
674	       | 688
675	       | 688
676	       | 688
677	       | 688
678	       | 688
679	       | 688
680	       | 688
681	       | 688
682	       | 688
683	       | 688
684	       | 688
685	       | 688
686	       | 688
687	       | 688
688	       | 688
689	       | 704
690	       | 704
691	       | 704
692	       | 704
693	       | 704
694	       | 704
695	       | 704
696	       | 704
697	       | 704
698	       | 704
699	       | 704
700	       | 704
701	       | 704
702	       | 704
703	       | 704
704	       | 704
705	       | 720
706	       | 720
707	       | 720
708	       | 720
709	       | 720
710	       | 720
711	       | 720
712	       | 720
713	       | 720
714	       | 720
715	       | 720
716	       | 720
717	       | 720
718	       | 720
719	       | 720
720	       | 720
721	       | 736
722	       | 736
723	       | 736
724	       | 736
725	       | 736
726	       | 736
727	       | 736
728	       | 736
729	       | 736
730	       | 736
731	       | 736
732	       | 736
733	       | 736
734	       | 736
735	       | 736
736	       | 736
737	       | 752
738	       | 752
739	       | 752
740	       | 752
741	       | 752
742	       | 752
743	       | 752
744	       | 752
745	       | 752
746	       | 752
747	       | 752
748	       | 752
749	       | 752
750	       | 752
751	       | 752
752	       | 752
753	       | 768
754	       | 768
755	       | 768
756	       | 768
757	       | 768
758	       | 768
759	       | 768
760	       | 768
761	       | 768
762	       | 768
763	       | 768
764	       | 768
765	       | 768
766	       | 768
767	       | 768
768	       | 768
769	       | 784
770	       | 784
771	       | 784
772	       | 784
773	       | 784
774	       | 784
775	       | 784
776	       | 784
777	       | 784
778	       | 784
779	       | 784
780	       | 784
781	       | 784
782	       | 784
783	       | 784
784	       | 784
785	       | 800
786	       | 800
787	       | 800
788	       | 800
789	       | 800
790	       | 800
791	       | 800
792	       | 800
793	       | 800
794	       | 800
795	       | 800
796	       | 800
797	       | 800
798	       | 800
799	       | 800
800	       | 800
801	       | 816
802	       | 816
803	       | 816
804	       | 816
805	       | 816
806	       | 816
807	       | 816
808	       | 816
809	       | 816
810	       | 816
811	       | 816
812	       | 816
813	       | 816
814	       | 816
815	       | 816
816	       | 816
817	       | 832
818	       | 832
819	       | 832
820	       | 832
821	       | 832
822	       | 832
823	       | 832
824	       | 832
825	       | 832
826	       | 832
827	       | 832
828	       | 832
829	       | 832
830	       | 832
831	       | 832
832	       | 832
833	       | 848
834	       | 848
835	       | 848
836	       | 848
837	       | 848
838	       | 848
839	       | 848
840	       | 848
841	       | 848
842	       | 848
843	       | 848
844	       | 848
845	       | 848
846	       | 848
847	       | 848
848	       | 848
849	       | 864
850	       | 864
851	       | 864
852	       | 864
853	       | 864
854	       | 864
855	       | 864
856	       | 864
857	       | 864
858	       | 864
859	       | 864
860	       | 864
861	       | 864
862	       | 864
863	       | 864
864	       | 864
865	       | 880
866	       | 880
867	       | 880
868	       | 880
869	       | 880
870	       | 880
871	       | 880
872	       | 880
873	       | 880
874	       | 880
875	       | 880
876	       | 880
877	       | 880
878	       | 880
879	       | 880
880	       | 880
881	       | 896
882	       | 896
883	       | 896
884	       | 896
885	       | 896
886	       | 896
887	       | 896
888	       | 896
889	       | 896
890	       | 896
891	       | 896
892	       | 896
893	       | 896
894	       | 896
895	       | 896
896	       | 896
897	       | 912
898	       | 912
899	       | 912
900	       | 912
901	       | 912
902	       | 912
903	       | 912
904	       | 912
905	       | 912
906	       | 912
907	       | 912
908	       | 912
909	       | 912
910	       | 912
911	       | 912
912	       | 912
913	       | 928
914	       | 928
915	       | 928
916	       | 928
917	       | 928
918	       | 928
919	       | 928
920	       | 928
921	       | 928
922	       | 928
923	       | 928
924	       | 928
925	       | 928
926	       | 928
927	       | 928
928	       | 928
929	       | 944
930	       | 944
931	       | 944
932	       | 944
933	       | 944
934	       | 944
935	       | 944
936	       | 944
937	       | 944
938	       | 944
939	       | 944
940	       | 944
941	       | 944
942	       | 944
943	       | 944
944	       | 944
945	       | 960
946	       | 960
947	       | 960
948	       | 960
949	       | 960
950	       | 960
951	       | 960
952	       | 960
953	       | 960
954	       | 960
955	       | 960
956	       | 960
957	       | 960
958	       | 960
959	       | 960
960	       | 960
961	       | 976
962	       | 976
963	       | 976
964	       | 976
965	       | 976
966	       | 976
967	       | 976
968	       | 976
969	       | 976
970	       | 976
971	       | 976
972	       | 976
973	       | 976
974	       | 976
975	       | 976
976	       | 976
977	       | 992
978	       | 992
979	       | 992
980	       | 992
981	       | 992
982	       | 992
983	       | 992
984	       | 992
985	       | 992
986	       | 992
987	       | 992
988	       | 992
989	       | 992
990	       | 992
991	       | 992
992	       | 992
993	       | 1008
994	       | 1008
995	       | 1008
996	       | 1008
997	       | 1008
998	       | 1008
999	       | 1008
1000	       | 1008
1001	       | 1008
1002	       | 1008
1003	       | 1008
1004	       | 1008
1005	       | 1008
1006	       | 1008
1007	       | 1008
1008	       | 1008
1009	       | 1024
1010	       | 1024
1011	       | 1024
1012	       | 1024
1013	       | 1024
1014	       | 1024
1015	       | 1024
1016	       | 1024
1017	       | 1024
1018	       | 1024
1019	       | 1024
1020	       | 1024
1021	       | 1024
1022	       | 1024
1023	       | 1024
1024	       | 1024
1025	       | 1536
1026	       | 1536
1027	       | 1536
1028	       | 1536
1029	       | 1536
1030	       | 1536
1031	       | 1536
1032	       | 1536
1033	       | 1536
1034	       | 1536
1035	       | 1536
1036	       | 1536
1037	       | 1536
1038	       | 1536
1039	       | 1536
1040	       | 1536
1041	       | 1536
1042	       | 1536
1043	       | 1536
1044	       | 1536
1045	       | 1536
1046	       | 1536
1047	       | 1536
1048	       | 1536
1049	       | 1536
1050	       | 1536
1051	       | 1536
1052	       | 1536
1053	       | 1536
1054	       | 1536
1055	       | 1536
1056	       | 1536
1057	       | 1536
1058	       | 1536
1059	       | 1536
1060	       | 1536
1061	       | 1536
1062	       | 1536
1063	       | 1536
1064	       | 1536
1065	       | 1536
1066	       | 1536
1067	       | 1536
1068	       | 1536
1069	       | 1536
1070	       | 1536
1071	       | 1536
1072	       | 1536
1073	       | 1536
1074	       | 1536
1075	       | 1536
1076	       | 1536
1077	       | 1536
1078	       | 1536
1079	       | 1536
1080	       | 1536
1081	       | 1536
1082	       | 1536
1083	       | 1536
1084	       | 1536
1085	       | 1536
1086	       | 1536
1087	       | 1536
1088	       | 1536
1089	       | 1536
1090	       | 1536
1091	       | 1536
1092	       | 1536
1093	       | 1536
1094	       | 1536
1095	       | 1536
1096	       | 1536
1097	       | 1536
1098	       | 1536
1099	       | 1536
1100	       | 1536
1101	       | 1536
1102	       | 1536
1103	       | 1536
1104	       | 1536
1105	       | 1536
1106	       | 1536
1107	       | 1536
1108	       | 1536
1109	       | 1536
1110	       | 1536
1111	       | 1536
1112	       | 1536
1113	       | 1536
1114	       | 1536
1115	       | 1536
1116	       | 1536
1117	       | 1536
1118	       | 1536
1119	       | 1536
1120	       | 1536
1121	       | 1536
1122	       | 1536
1123	       | 1536
1124	       | 1536
1125	       | 1536
1126	       | 1536
1127	       | 1536
1128	       | 1536
1129	       | 1536
1130	       | 1536
1131	       | 1536
1132	       | 1536
1133	       | 1536
1134	       | 1536
1135	       | 1536
1136	       | 1536
1137	       | 1536
1138	       | 1536
1139	       | 1536
1140	       | 1536
1141	       | 1536
1142	       | 1536
1143	       | 1536
1144	       | 1536
1145	       | 1536
1146	       | 1536
1147	       | 1536
1148	       | 1536
1149	       | 1536
1150	       | 1536
1151	       | 1536
1152	       | 1536
1153	       | 1536
1154	       | 1536
1155	       | 1536
1156	       | 1536
1157	       | 1536
1158	       | 1536
1159	       | 1536
1160	       | 1536
1161	       | 1536
1162	       | 1536
1163	       | 1536
1164	       | 1536
1165	       | 1536
1166	       | 1536
1167	       | 1536
1168	       | 1536
1169	       | 1536
1170	       | 1536
1171	       | 1536
1172	       | 1536
1173	       | 1536
1174	       | 1536
1175	       | 1536
1176	       | 1536
1177	       | 1536
1178	       | 1536
1179	       | 1536
1180	       | 1536
1181	       | 1536
1182	       | 1536
1183	       | 1536
1184	       | 1536
1185	       | 1536
1186	       | 1536
1187	       | 1536
1188	       | 1536
1189	       | 1536
1190	       | 1536
1191	       | 1536
1192	       | 1536
1193	       | 1536
1194	       | 1536
1195	       | 1536
1196	       | 1536
1197	       | 1536
1198	       | 1536
1199	       | 1536
1200	       | 1536
1201	       | 1536
1202	       | 1536
1203	       | 1536
1204	       | 1536
1205	       | 1536
1206	       | 1536
1207	       | 1536
1208	       | 1536
1209	       | 1536
1210	       | 1536
1211	       | 1536
1212	       | 1536
1213	       | 1536
1214	       | 1536
1215	       | 1536
1216	       | 1536
1217	       | 1536
1218	       | 1536
1219	       | 1536
1220	       | 1536
1221	       | 1536
1222	       | 1536
1223	       | 1536
1224	       | 1536
1225	       | 1536
1226	       | 1536
1227	       | 1536
1228	       | 1536
1229	       | 1536
1230	       | 1536
1231	       | 1536
1232	       | 1536
1233	       | 1536
1234	       | 1536
1235	       | 1536
1236	       | 1536
1237	       | 1536
1238	       | 1536
1239	       | 1536
1240	       | 1536
1241	       | 1536
1242	       | 1536
1243	       | 1536
1244	       | 1536
1245	       | 1536
1246	       | 1536
1247	       | 1536
1248	       | 1536
1249	       | 1536
1250	       | 1536
1251	       | 1536
1252	       | 1536
1253	       | 1536
1254	       | 1536
1255	       | 1536
1256	       | 1536
1257	       | 1536
1258	       | 1536
1259	       | 1536
1260	       | 1536
1261	       | 1536
1262	       | 1536
1263	       | 1536
1264	       | 1536
1265	       | 1536
1266	       | 1536
1267	       | 1536
1268	       | 1536
1269	       | 1536
1270	       | 1536
1271	       | 1536
1272	       | 1536
1273	       | 1536
1274	       | 1536
1275	       | 1536
1276	       | 1536
1277	       | 1536
1278	       | 1536
1279	       | 1536
1280	       | 1536
1281	       | 1536
1282	       | 1536
1283	       | 1536
1284	       | 1536
1285	       | 1536
1286	       | 1536
1287	       | 1536
1288	       | 1536
1289	       | 1536
1290	       | 1536
1291	       | 1536
1292	       | 1536
1293	       | 1536
1294	       | 1536
1295	       | 1536
1296	       | 1536
1297	       | 1536
1298	       | 1536
1299	       | 1536
1300	       | 1536
1301	       | 1536
1302	       | 1536
1303	       | 1536
1304	       | 1536
1305	       | 1536
1306	       | 1536
1307	       | 1536
1308	       | 1536
1309	       | 1536
1310	       | 1536
1311	       | 1536
1312	       | 1536
1313	       | 1536
1314	       | 1536
1315	       | 1536
1316	       | 1536
1317	       | 1536
1318	       | 1536
1319	       | 1536
1320	       | 1536
1321	       | 1536
1322	       | 1536
1323	       | 1536
1324	       | 1536
1325	       | 1536
1326	       | 1536
1327	       | 1536
1328	       | 1536
1329	       | 1536
1330	       | 1536
1331	       | 1536
1332	       | 1536
1333	       | 1536
1334	       | 1536
1335	       | 1536
1336	       | 1536
1337	       | 1536
1338	       | 1536
1339	       | 1536
1340	       | 1536
1341	       | 1536
1342	       | 1536
1343	       | 1536
1344	       | 1536
1345	       | 1536
1346	       | 1536
1347	       | 1536
1348	       | 1536
1349	       | 1536
1350	       | 1536
1351	       | 1536
1352	       | 1536
1353	       | 1536
1354	       | 1536
1355	       | 1536
1356	       | 1536
1357	       | 1536
1358	       | 1536
1359	       | 1536
1360	       | 1536
1361	       | 1536
1362	       | 1536
1363	       | 1536
1364	       | 1536
1365	       | 1536
1366	       | 1536
1367	       | 1536
1368	       | 1536
1369	       | 1536
1370	       | 1536
1371	       | 1536
1372	       | 1536
1373	       | 1536
1374	       | 1536
1375	       | 1536
1376	       | 1536
1377	       | 1536
1378	       | 1536
1379	       | 1536
1380	       | 1536
1381	       | 1536
1382	       | 1536
1383	       | 1536
1384	       | 1536
1385	       | 1536
1386	       | 1536
1387	       | 1536
1388	       | 1536
1389	       | 1536
1390	       | 1536
1391	       | 1536
1392	       | 1536
1393	       | 1536
1394	       | 1536
1395	       | 1536
1396	       | 1536
1397	       | 1536
1398	       | 1536
1399	       | 1536
1400	       | 1536
1401	       | 1536
1402	       | 1536
1403	       | 1536
1404	       | 1536
1405	       | 1536
1406	       | 1536
1407	       | 1536
1408	       | 1536
1409	       | 1536
1410	       | 1536
1411	       | 1536
1412	       | 1536
1413	       | 1536
1414	       | 1536
1415	       | 1536
1416	       | 1536
1417	       | 1536
1418	       | 1536
1419	       | 1536
1420	       | 1536
1421	       | 1536
1422	       | 1536
1423	       | 1536
1424	       | 1536
1425	       | 1536
1426	       | 1536
1427	       | 1536
1428	       | 1536
1429	       | 1536
1430	       | 1536
1431	       | 1536
1432	       | 1536
1433	       | 1536
1434	       | 1536
1435	       | 1536
1436	       | 1536
1437	       | 1536
1438	       | 1536
1439	       | 1536
1440	       | 1536
1441	       | 1536
1442	       | 1536
1443	       | 1536
1444	       | 1536
1445	       | 1536
1446	       | 1536
1447	       | 1536
1448	       | 1536
1449	       | 1536
1450	       | 1536
1451	       | 1536
1452	       | 1536
1453	       | 1536
1454	       | 1536
1455	       | 1536
1456	       | 1536
1457	       | 1536
1458	       | 1536
1459	       | 1536
1460	       | 1536
1461	       | 1536
1462	       | 1536
1463	       | 1536
1464	       | 1536
1465	       | 1536
1466	       | 1536
1467	       | 1536
1468	       | 1536
1469	       | 1536
1470	       | 1536
1471	       | 1536
1472	       | 1536
1473	       | 1536
1474	       | 1536
1475	       | 1536
1476	       | 1536
1477	       | 1536
1478	       | 1536
1479	       | 1536
1480	       | 1536
1481	       | 1536
1482	       | 1536
1483	       | 1536
1484	       | 1536
1485	       | 1536
1486	       | 1536
1487	       | 1536
1488	       | 1536
1489	       | 1536
1490	       | 1536
1491	       | 1536
1492	       | 1536
1493	       | 1536
1494	       | 1536
1495	       | 1536
1496	       | 1536
1497	       | 1536
1498	       | 1536
1499	       | 1536
1500	       | 1536
1501	       | 1536
1502	       | 1536
1503	       | 1536
1504	       | 1536
1505	       | 1536
1506	       | 1536
1507	       | 1536
1508	       | 1536
1509	       | 1536
1510	       | 1536
1511	       | 1536
1512	       | 1536
1513	       | 1536
1514	       | 1536
1515	       | 1536
1516	       | 1536
1517	       | 1536
1518	       | 1536
1519	       | 1536
1520	       | 1536
1521	       | 1536
1522	       | 1536
1523	       | 1536
1524	       | 1536
1525	       | 1536
1526	       | 1536
1527	       | 1536
1528	       | 1536
1529	       | 1536
1530	       | 1536
1531	       | 1536
1532	       | 1536
1533	       | 1536
1534	       | 1536
1535	       | 1536
1536	       | 1536
1537	       | 2048
1538	       | 2048
1539	       | 2048
1540	       | 2048
1541	       | 2048
1542	       | 2048
1543	       | 2048
1544	       | 2048
1545	       | 2048
1546	       | 2048
1547	       | 2048
1548	       | 2048
1549	       | 2048
1550	       | 2048
1551	       | 2048
1552	       | 2048
1553	       | 2048
1554	       | 2048
1555	       | 2048
1556	       | 2048
1557	       | 2048
1558	       | 2048
1559	       | 2048
1560	       | 2048
1561	       | 2048
1562	       | 2048
1563	       | 2048
1564	       | 2048
1565	       | 2048
1566	       | 2048
1567	       | 2048
1568	       | 2048
1569	       | 2048
1570	       | 2048
1571	       | 2048
1572	       | 2048
1573	       | 2048
1574	       | 2048
1575	       | 2048
1576	       | 2048
1577	       | 2048
1578	       | 2048
1579	       | 2048
1580	       | 2048
1581	       | 2048
1582	       | 2048
1583	       | 2048
1584	       | 2048
1585	       | 2048
1586	       | 2048
1587	       | 2048
1588	       | 2048
1589	       | 2048
1590	       | 2048
1591	       | 2048
1592	       | 2048
1593	       | 2048
1594	       | 2048
1595	       | 2048
1596	       | 2048
1597	       | 2048
1598	       | 2048
1599	       | 2048
1600	       | 2048
1601	       | 2048
1602	       | 2048
1603	       | 2048
1604	       | 2048
1605	       | 2048
1606	       | 2048
1607	       | 2048
1608	       | 2048
1609	       | 2048
1610	       | 2048
1611	       | 2048
1612	       | 2048
1613	       | 2048
1614	       | 2048
1615	       | 2048
1616	       | 2048
1617	       | 2048
1618	       | 2048
1619	       | 2048
1620	       | 2048
1621	       | 2048
1622	       | 2048
1623	       | 2048
1624	       | 2048
1625	       | 2048
1626	       | 2048
1627	       | 2048
1628	       | 2048
1629	       | 2048
1630	       | 2048
1631	       | 2048
1632	       | 2048
1633	       | 2048
1634	       | 2048
1635	       | 2048
1636	       | 2048
1637	       | 2048
1638	       | 2048
1639	       | 2048
1640	       | 2048
1641	       | 2048
1642	       | 2048
1643	       | 2048
1644	       | 2048
1645	       | 2048
1646	       | 2048
1647	       | 2048
1648	       | 2048
1649	       | 2048
1650	       | 2048
1651	       | 2048
1652	       | 2048
1653	       | 2048
1654	       | 2048
1655	       | 2048
1656	       | 2048
1657	       | 2048
1658	       | 2048
1659	       | 2048
1660	       | 2048
1661	       | 2048
1662	       | 2048
1663	       | 2048
1664	       | 2048
1665	       | 2048
1666	       | 2048
1667	       | 2048
1668	       | 2048
1669	       | 2048
1670	       | 2048
1671	       | 2048
1672	       | 2048
1673	       | 2048
1674	       | 2048
1675	       | 2048
1676	       | 2048
1677	       | 2048
1678	       | 2048
1679	       | 2048
1680	       | 2048
1681	       | 2048
1682	       | 2048
1683	       | 2048
1684	       | 2048
1685	       | 2048
1686	       | 2048
1687	       | 2048
1688	       | 2048
1689	       | 2048
1690	       | 2048
1691	       | 2048
1692	       | 2048
1693	       | 2048
1694	       | 2048
1695	       | 2048
1696	       | 2048
1697	       | 2048
1698	       | 2048
1699	       | 2048
1700	       | 2048
1701	       | 2048
1702	       | 2048
1703	       | 2048
1704	       | 2048
1705	       | 2048
1706	       | 2048
1707	       | 2048
1708	       | 2048
1709	       | 2048
1710	       | 2048
1711	       | 2048
1712	       | 2048
1713	       | 2048
1714	       | 2048
1715	       | 2048
1716	       | 2048
1717	       | 2048
1718	       | 2048
1719	       | 2048
1720	       | 2048
1721	       | 2048
1722	       | 2048
1723	       | 2048
1724	       | 2048
1725	       | 2048
1726	       | 2048
1727	       | 2048
1728	       | 2048
1729	       | 2048
1730	       | 2048
1731	       | 2048
1732	       | 2048
1733	       | 2048
1734	       | 2048
1735	       | 2048
1736	       | 2048
1737	       | 2048
1738	       | 2048
1739	       | 2048
1740	       | 2048
1741	       | 2048
1742	       | 2048
1743	       | 2048
1744	       | 2048
1745	       | 2048
1746	       | 2048
1747	       | 2048
1748	       | 2048
1749	       | 2048
1750	       | 2048
1751	       | 2048
1752	       | 2048
1753	       | 2048
1754	       | 2048
1755	       | 2048
1756	       | 2048
1757	       | 2048
1758	       | 2048
1759	       | 2048
1760	       | 2048
1761	       | 2048
1762	       | 2048
1763	       | 2048
1764	       | 2048
1765	       | 2048
1766	       | 2048
1767	       | 2048
1768	       | 2048
1769	       | 2048
1770	       | 2048
1771	       | 2048
1772	       | 2048
1773	       | 2048
1774	       | 2048
1775	       | 2048
1776	       | 2048
1777	       | 2048
1778	       | 2048
1779	       | 2048
1780	       | 2048
1781	       | 2048
1782	       | 2048
1783	       | 2048
1784	       | 2048
1785	       | 2048
1786	       | 2048
1787	       | 2048
1788	       | 2048
1789	       | 2048
1790	       | 2048
1791	       | 2048
1792	       | 2048
1793	       | 2048
1794	       | 2048
1795	       | 2048
1796	       | 2048
1797	       | 2048
1798	       | 2048
1799	       | 2048
1800	       | 2048
1801	       | 2048
1802	       | 2048
1803	       | 2048
1804	       | 2048
1805	       | 2048
1806	       | 2048
1807	       | 2048
1808	       | 2048
1809	       | 2048
1810	       | 2048
1811	       | 2048
1812	       | 2048
1813	       | 2048
1814	       | 2048
1815	       | 2048
1816	       | 2048
1817	       | 2048
1818	       | 2048
1819	       | 2048
1820	       | 2048
1821	       | 2048
1822	       | 2048
1823	       | 2048
1824	       | 2048
1825	       | 2048
1826	       | 2048
1827	       | 2048
1828	       | 2048
1829	       | 2048
1830	       | 2048
1831	       | 2048
1832	       | 2048
1833	       | 2048
1834	       | 2048
1835	       | 2048
1836	       | 2048
1837	       | 2048
1838	       | 2048
1839	       | 2048
1840	       | 2048
1841	       | 2048
1842	       | 2048
1843	       | 2048
1844	       | 2048
1845	       | 2048
1846	       | 2048
1847	       | 2048
1848	       | 2048
1849	       | 2048
1850	       | 2048
1851	       | 2048
1852	       | 2048
1853	       | 2048
1854	       | 2048
1855	       | 2048
1856	       | 2048
1857	       | 2048
1858	       | 2048
1859	       | 2048
1860	       | 2048
1861	       | 2048
1862	       | 2048
1863	       | 2048
1864	       | 2048
1865	       | 2048
1866	       | 2048
1867	       | 2048
1868	       | 2048
1869	       | 2048
1870	       | 2048
1871	       | 2048
1872	       | 2048
1873	       | 2048
1874	       | 2048
1875	       | 2048
1876	       | 2048
1877	       | 2048
1878	       | 2048
1879	       | 2048
1880	       | 2048
1881	       | 2048
1882	       | 2048
1883	       | 2048
1884	       | 2048
1885	       | 2048
1886	       | 2048
1887	       | 2048
1888	       | 2048
1889	       | 2048
1890	       | 2048
1891	       | 2048
1892	       | 2048
1893	       | 2048
1894	       | 2048
1895	       | 2048
1896	       | 2048
1897	       | 2048
1898	       | 2048
1899	       | 2048
1900	       | 2048
1901	       | 2048
1902	       | 2048
1903	       | 2048
1904	       | 2048
1905	       | 2048
1906	       | 2048
1907	       | 2048
1908	       | 2048
1909	       | 2048
1910	       | 2048
1911	       | 2048
1912	       | 2048
1913	       | 2048
1914	       | 2048
1915	       | 2048
1916	       | 2048
1917	       | 2048
1918	       | 2048
1919	       | 2048
1920	       | 2048
1921	       | 2048
1922	       | 2048
1923	       | 2048
1924	       | 2048
1925	       | 2048
1926	       | 2048
1927	       | 2048
1928	       | 2048
1929	       | 2048
1930	       | 2048
1931	       | 2048
1932	       | 2048
1933	       | 2048
1934	       | 2048
1935	       | 2048
1936	       | 2048
1937	       | 2048
1938	       | 2048
1939	       | 2048
1940	       | 2048
1941	       | 2048
1942	       | 2048
1943	       | 2048
1944	       | 2048
1945	       | 2048
1946	       | 2048
1947	       | 2048
1948	       | 2048
1949	       | 2048
1950	       | 2048
1951	       | 2048
1952	       | 2048
1953	       | 2048
1954	       | 2048
1955	       | 2048
1956	       | 2048
1957	       | 2048
1958	       | 2048
1959	       | 2048
1960	       | 2048
1961	       | 2048
1962	       | 2048
1963	       | 2048
1964	       | 2048
1965	       | 2048
1966	       | 2048
1967	       | 2048
1968	       | 2048
1969	       | 2048
1970	       | 2048
1971	       | 2048
1972	       | 2048
1973	       | 2048
1974	       | 2048
1975	       | 2048
1976	       | 2048
1977	       | 2048
1978	       | 2048
1979	       | 2048
1980	       | 2048
1981	       | 2048
1982	       | 2048
1983	       | 2048
1984	       | 2048
1985	       | 2048
1986	       | 2048
1987	       | 2048
1988	       | 2048
1989	       | 2048
1990	       | 2048
1991	       | 2048
1992	       | 2048
1993	       | 2048
1994	       | 2048
1995	       | 2048
1996	       | 2048
1997	       | 2048
1998	       | 2048
1999	       | 2048
2000	       | 2048
2001	       | 2048
2002	       | 2048
2003	       | 2048
2004	       | 2048
2005	       | 2048
2006	       | 2048
2007	       | 2048
2008	       | 2048
2009	       | 2048
2010	       | 2048
2011	       | 2048
2012	       | 2048
2013	       | 2048
2014	       | 2048
2015	       | 2048
2016	       | 2048
2017	       | 2048
2018	       | 2048
2019	       | 2048
2020	       | 2048
2021	       | 2048
2022	       | 2048
2023	       | 2048
2024	       | 2048
2025	       | 2048
2026	       | 2048
2027	       | 2048
2028	       | 2048
2029	       | 2048
2030	       | 2048
2031	       | 2048
2032	       | 2048
2033	       | 2048
2034	       | 2048
2035	       | 2048
2036	       | 2048
2037	       | 2048
2038	       | 2048
2039	       | 2048
2040	       | 2048
2041	       | 2048
2042	       | 2048
2043	       | 2048
2044	       | 2048
2045	       | 2048
2046	       | 2048
2047	       | 2048
2048	       | 2048
2049	       | 2560
2050	       | 2560
2051	       | 2560
2052	       | 2560
2053	       | 2560
2054	       | 2560
2055	       | 2560
2056	       | 2560
2057	       | 2560
2058	       | 2560
2059	       | 2560
2060	       | 2560
2061	       | 2560
2062	       | 2560
2063	       | 2560
2064	       | 2560
2065	       | 2560
2066	       | 2560
2067	       | 2560
2068	       | 2560
2069	       | 2560
2070	       | 2560
2071	       | 2560
2072	       | 2560
2073	       | 2560
2074	       | 2560
2075	       | 2560
2076	       | 2560
2077	       | 2560
2078	       | 2560
2079	       | 2560
2080	       | 2560
2081	       | 2560
2082	       | 2560
2083	       | 2560
2084	       | 2560
2085	       | 2560
2086	       | 2560
2087	       | 2560
2088	       | 2560
2089	       | 2560
2090	       | 2560
2091	       | 2560
2092	       | 2560
2093	       | 2560
2094	       | 2560
2095	       | 2560
2096	       | 2560
2097	       | 2560
2098	       | 2560
2099	       | 2560
2100	       | 2560
2101	       | 2560
2102	       | 2560
2103	       | 2560
2104	       | 2560
2105	       | 2560
2106	       | 2560
2107	       | 2560
2108	       | 2560
2109	       | 2560
2110	       | 2560
2111	       | 2560
2112	       | 2560
2113	       | 2560
2114	       | 2560
2115	       | 2560
2116	       | 2560
2117	       | 2560
2118	       | 2560
2119	       | 2560
2120	       | 2560
2121	       | 2560
2122	       | 2560
2123	       | 2560
2124	       | 2560
2125	       | 2560
2126	       | 2560
2127	       | 2560
2128	       | 2560
2129	       | 2560
2130	       | 2560
2131	       | 2560
2132	       | 2560
2133	       | 2560
2134	       | 2560
2135	       | 2560
2136	       | 2560
2137	       | 2560
2138	       | 2560
2139	       | 2560
2140	       | 2560
2141	       | 2560
2142	       | 2560
2143	       | 2560
2144	       | 2560
2145	       | 2560
2146	       | 2560
2147	       | 2560
2148	       | 2560
2149	       | 2560
2150	       | 2560
2151	       | 2560
2152	       | 2560
2153	       | 2560
2154	       | 2560
2155	       | 2560
2156	       | 2560
2157	       | 2560
2158	       | 2560
2159	       | 2560
2160	       | 2560
2161	       | 2560
2162	       | 2560
2163	       | 2560
2164	       | 2560
2165	       | 2560
2166	       | 2560
2167	       | 2560
2168	       | 2560
2169	       | 2560
2170	       | 2560
2171	       | 2560
2172	       | 2560
2173	       | 2560
2174	       | 2560
2175	       | 2560
2176	       | 2560
2177	       | 2560
2178	       | 2560
2179	       | 2560
2180	       | 2560
2181	       | 2560
2182	       | 2560
2183	       | 2560
2184	       | 2560
2185	       | 2560
2186	       | 2560
2187	       | 2560
2188	       | 2560
2189	       | 2560
2190	       | 2560
2191	       | 2560
2192	       | 2560
2193	       | 2560
2194	       | 2560
2195	       | 2560
2196	       | 2560
2197	       | 2560
2198	       | 2560
2199	       | 2560
2200	       | 2560
2201	       | 2560
2202	       | 2560
2203	       | 2560
2204	       | 2560
2205	       | 2560
2206	       | 2560
2207	       | 2560
2208	       | 2560
2209	       | 2560
2210	       | 2560
2211	       | 2560
2212	       | 2560
2213	       | 2560
2214	       | 2560
2215	       | 2560
2216	       | 2560
2217	       | 2560
2218	       | 2560
2219	       | 2560
2220	       | 2560
2221	       | 2560
2222	       | 2560
2223	       | 2560
2224	       | 2560
2225	       | 2560
2226	       | 2560
2227	       | 2560
2228	       | 2560
2229	       | 2560
2230	       | 2560
2231	       | 2560
2232	       | 2560
2233	       | 2560
2234	       | 2560
2235	       | 2560
2236	       | 2560
2237	       | 2560
2238	       | 2560
2239	       | 2560
2240	       | 2560
2241	       | 2560
2242	       | 2560
2243	       | 2560
2244	       | 2560
2245	       | 2560
2246	       | 2560
2247	       | 2560
2248	       | 2560
2249	       | 2560
2250	       | 2560
2251	       | 2560
2252	       | 2560
2253	       | 2560
2254	       | 2560
2255	       | 2560
2256	       | 2560
2257	       | 2560
2258	       | 2560
2259	       | 2560
2260	       | 2560
2261	       | 2560
2262	       | 2560
2263	       | 2560
2264	       | 2560
2265	       | 2560
2266	       | 2560
2267	       | 2560
2268	       | 2560
2269	       | 2560
2270	       | 2560
2271	       | 2560
2272	       | 2560
2273	       | 2560
2274	       | 2560
2275	       | 2560
2276	       | 2560
2277	       | 2560
2278	       | 2560
2279	       | 2560
2280	       | 2560
2281	       | 2560
2282	       | 2560
2283	       | 2560
2284	       | 2560
2285	       | 2560
2286	       | 2560
2287	       | 2560
2288	       | 2560
2289	       | 2560
2290	       | 2560
2291	       | 2560
2292	       | 2560
2293	       | 2560
2294	       | 2560
2295	       | 2560
2296	       | 2560
2297	       | 2560
2298	       | 2560
2299	       | 2560
2300	       | 2560
2301	       | 2560
2302	       | 2560
2303	       | 2560
2304	       | 2560
2305	       | 2560
2306	       | 2560
2307	       | 2560
2308	       | 2560
2309	       | 2560
2310	       | 2560
2311	       | 2560
2312	       | 2560
2313	       | 2560
2314	       | 2560
2315	       | 2560
2316	       | 2560
2317	       | 2560
2318	       | 2560
2319	       | 2560
2320	       | 2560
2321	       | 2560
2322	       | 2560
2323	       | 2560
2324	       | 2560
2325	       | 2560
2326	       | 2560
2327	       | 2560
2328	       | 2560
2329	       | 2560
2330	       | 2560
2331	       | 2560
2332	       | 2560
2333	       | 2560
2334	       | 2560
2335	       | 2560
2336	       | 2560
2337	       | 2560
2338	       | 2560
2339	       | 2560
2340	       | 2560
2341	       | 2560
2342	       | 2560
2343	       | 2560
2344	       | 2560
2345	       | 2560
2346	       | 2560
2347	       | 2560
2348	       | 2560
2349	       | 2560
2350	       | 2560
2351	       | 2560
2352	       | 2560
2353	       | 2560
2354	       | 2560
2355	       | 2560
2356	       | 2560
2357	       | 2560
2358	       | 2560
2359	       | 2560
2360	       | 2560
2361	       | 2560
2362	       | 2560
2363	       | 2560
2364	       | 2560
2365	       | 2560
2366	       | 2560
2367	       | 2560
2368	       | 2560
2369	       | 2560
2370	       | 2560
2371	       | 2560
2372	       | 2560
2373	       | 2560
2374	       | 2560
2375	       | 2560
2376	       | 2560
2377	       | 2560
2378	       | 2560
2379	       | 2560
2380	       | 2560
2381	       | 2560
2382	       | 2560
2383	       | 2560
2384	       | 2560
2385	       | 2560
2386	       | 2560
2387	       | 2560
2388	       | 2560
2389	       | 2560
2390	       | 2560
2391	       | 2560
2392	       | 2560
2393	       | 2560
2394	       | 2560
2395	       | 2560
2396	       | 2560
2397	       | 2560
2398	       | 2560
2399	       | 2560
2400	       | 2560
2401	       | 2560
2402	       | 2560
2403	       | 2560
2404	       | 2560
2405	       | 2560
2406	       | 2560
2407	       | 2560
2408	       | 2560
2409	       | 2560
2410	       | 2560
2411	       | 2560
2412	       | 2560
2413	       | 2560
2414	       | 2560
2415	       | 2560
2416	       | 2560
2417	       | 2560
2418	       | 2560
2419	       | 2560
2420	       | 2560
2421	       | 2560
2422	       | 2560
2423	       | 2560
2424	       | 2560
2425	       | 2560
2426	       | 2560
2427	       | 2560
2428	       | 2560
2429	       | 2560
2430	       | 2560
2431	       | 2560
2432	       | 2560
2433	       | 2560
2434	       | 2560
2435	       | 2560
2436	       | 2560
2437	       | 2560
2438	       | 2560
2439	       | 2560
2440	       | 2560
2441	       | 2560
2442	       | 2560
2443	       | 2560
2444	       | 2560
2445	       | 2560
2446	       | 2560
2447	       | 2560
2448	       | 2560
2449	       | 2560
2450	       | 2560
2451	       | 2560
2452	       | 2560
2453	       | 2560
2454	       | 2560
2455	       | 2560
2456	       | 2560
2457	       | 2560
2458	       | 2560
2459	       | 2560
2460	       | 2560
2461	       | 2560
2462	       | 2560
2463	       | 2560
2464	       | 2560
2465	       | 2560
2466	       | 2560
2467	       | 2560
2468	       | 2560
2469	       | 2560
2470	       | 2560
2471	       | 2560
2472	       | 2560
2473	       | 2560
2474	       | 2560
2475	       | 2560
2476	       | 2560
2477	       | 2560
2478	       | 2560
2479	       | 2560
2480	       | 2560
2481	       | 2560
2482	       | 2560
2483	       | 2560
2484	       | 2560
2485	       | 2560
2486	       | 2560
2487	       | 2560
2488	       | 2560
2489	       | 2560
2490	       | 2560
2491	       | 2560
2492	       | 2560
2493	       | 2560
2494	       | 2560
2495	       | 2560
2496	       | 2560
2497	       | 2560
2498	       | 2560
2499	       | 2560
2500	       | 2560
2501	       | 2560
2502	       | 2560
2503	       | 2560
2504	       | 2560
2505	       | 2560
2506	       | 2560
2507	       | 2560
2508	       | 2560
2509	       | 2560
2510	       | 2560
2511	       | 2560
2512	       | 2560
2513	       | 2560
2514	       | 2560
2515	       | 2560
2516	       | 2560
2517	       | 2560
2518	       | 2560
2519	       | 2560
2520	       | 2560
2521	       | 2560
2522	       | 2560
2523	       | 2560
2524	       | 2560
2525	       | 2560
2526	       | 2560
2527	       | 2560
2528	       | 2560
2529	       | 2560
2530	       | 2560
2531	       | 2560
2532	       | 2560
2533	       | 2560
2534	       | 2560
2535	       | 2560
2536	       | 2560
2537	       | 2560
2538	       | 2560
2539	       | 2560
2540	       | 2560
2541	       | 2560
2542	       | 2560
2543	       | 2560
2544	       | 2560
2545	       | 2560
2546	       | 2560
2547	       | 2560
2548	       | 2560
2549	       | 2560
2550	       | 2560
2551	       | 2560
2552	       | 2560
2553	       | 2560
2554	       | 2560
2555	       | 2560
2556	       | 2560
2557	       | 2560
2558	       | 2560
2559	       | 2560
2560	       | 2560
2561	       | 3072
2562	       | 3072
2563	       | 3072
2564	       | 3072
2565	       | 3072
2566	       | 3072
2567	       | 3072
2568	       | 3072
2569	       | 3072
2570	       | 3072
2571	       | 3072
2572	       | 3072
2573	       | 3072
2574	       | 3072
2575	       | 3072
2576	       | 3072
2577	       | 3072
2578	       | 3072
2579	       | 3072
2580	       | 3072
2581	       | 3072
2582	       | 3072
2583	       | 3072
2584	       | 3072
2585	       | 3072
2586	       | 3072
2587	       | 3072
2588	       | 3072
2589	       | 3072
2590	       | 3072
2591	       | 3072
2592	       | 3072
2593	       | 3072
2594	       | 3072
2595	       | 3072
2596	       | 3072
2597	       | 3072
2598	       | 3072
2599	       | 3072
2600	       | 3072
2601	       | 3072
2602	       | 3072
2603	       | 3072
2604	       | 3072
2605	       | 3072
2606	       | 3072
2607	       | 3072
2608	       | 3072
2609	       | 3072
2610	       | 3072
2611	       | 3072
2612	       | 3072
2613	       | 3072
2614	       | 3072
2615	       | 3072
2616	       | 3072
2617	       | 3072
2618	       | 3072
2619	       | 3072
2620	       | 3072
2621	       | 3072
2622	       | 3072
2623	       | 3072
2624	       | 3072
2625	       | 3072
2626	       | 3072
2627	       | 3072
2628	       | 3072
2629	       | 3072
2630	       | 3072
2631	       | 3072
2632	       | 3072
2633	       | 3072
2634	       | 3072
2635	       | 3072
2636	       | 3072
2637	       | 3072
2638	       | 3072
2639	       | 3072
2640	       | 3072
2641	       | 3072
2642	       | 3072
2643	       | 3072
2644	       | 3072
2645	       | 3072
2646	       | 3072
2647	       | 3072
2648	       | 3072
2649	       | 3072
2650	       | 3072
2651	       | 3072
2652	       | 3072
2653	       | 3072
2654	       | 3072
2655	       | 3072
2656	       | 3072
2657	       | 3072
2658	       | 3072
2659	       | 3072
2660	       | 3072
2661	       | 3072
2662	       | 3072
2663	       | 3072
2664	       | 3072
2665	       | 3072
2666	       | 3072
2667	       | 3072
2668	       | 3072
2669	       | 3072
2670	       | 3072
2671	       | 3072
2672	       | 3072
2673	       | 3072
2674	       | 3072
2675	       | 3072
2676	       | 3072
2677	       | 3072
2678	       | 3072
2679	       | 3072
2680	       | 3072
2681	       | 3072
2682	       | 3072
2683	       | 3072
2684	       | 3072
2685	       | 3072
2686	       | 3072
2687	       | 3072
2688	       | 3072
2689	       | 3072
2690	       | 3072
2691	       | 3072
2692	       | 3072
2693	       | 3072
2694	       | 3072
2695	       | 3072
2696	       | 3072
2697	       | 3072
2698	       | 3072
2699	       | 3072
2700	       | 3072
2701	       | 3072
2702	       | 3072
2703	       | 3072
2704	       | 3072
2705	       | 3072
2706	       | 3072
2707	       | 3072
2708	       | 3072
2709	       | 3072
2710	       | 3072
2711	       | 3072
2712	       | 3072
2713	       | 3072
2714	       | 3072
2715	       | 3072
2716	       | 3072
2717	       | 3072
2718	       | 3072
2719	       | 3072
2720	       | 3072
2721	       | 3072
2722	       | 3072
2723	       | 3072
2724	       | 3072
2725	       | 3072
2726	       | 3072
2727	       | 3072
2728	       | 3072
2729	       | 3072
2730	       | 3072
2731	       | 3072
2732	       | 3072
2733	       | 3072
2734	       | 3072
2735	       | 3072
2736	       | 3072
2737	       | 3072
2738	       | 3072
2739	       | 3072
2740	       | 3072
2741	       | 3072
2742	       | 3072
2743	       | 3072
2744	       | 3072
2745	       | 3072
2746	       | 3072
2747	       | 3072
2748	       | 3072
2749	       | 3072
2750	       | 3072
2751	       | 3072
2752	       | 3072
2753	       | 3072
2754	       | 3072
2755	       | 3072
2756	       | 3072
2757	       | 3072
2758	       | 3072
2759	       | 3072
2760	       | 3072
2761	       | 3072
2762	       | 3072
2763	       | 3072
2764	       | 3072
2765	       | 3072
2766	       | 3072
2767	       | 3072
2768	       | 3072
2769	       | 3072
2770	       | 3072
2771	       | 3072
2772	       | 3072
2773	       | 3072
2774	       | 3072
2775	       | 3072
2776	       | 3072
2777	       | 3072
2778	       | 3072
2779	       | 3072
2780	       | 3072
2781	       | 3072
2782	       | 3072
2783	       | 3072
2784	       | 3072
2785	       | 3072
2786	       | 3072
2787	       | 3072
2788	       | 3072
2789	       | 3072
2790	       | 3072
2791	       | 3072
2792	       | 3072
2793	       | 3072
2794	       | 3072
2795	       | 3072
2796	       | 3072
2797	       | 3072
2798	       | 3072
2799	       | 3072
2800	       | 3072
2801	       | 3072
2802	       | 3072
2803	       | 3072
2804	       | 3072
2805	       | 3072
2806	       | 3072
2807	       | 3072
2808	       | 3072
2809	       | 3072
2810	       | 3072
2811	       | 3072
2812	       | 3072
2813	       | 3072
2814	       | 3072
2815	       | 3072
2816	       | 3072
2817	       | 3072
2818	       | 3072
2819	       | 3072
2820	       | 3072
2821	       | 3072
2822	       | 3072
2823	       | 3072
2824	       | 3072
2825	       | 3072
2826	       | 3072
2827	       | 3072
2828	       | 3072
2829	       | 3072
2830	       | 3072
2831	       | 3072
2832	       | 3072
2833	       | 3072
2834	       | 3072
2835	       | 3072
2836	       | 3072
2837	       | 3072
2838	       | 3072
2839	       | 3072
2840	       | 3072
2841	       | 3072
2842	       | 3072
2843	       | 3072
2844	       | 3072
2845	       | 3072
2846	       | 3072
2847	       | 3072
2848	       | 3072
2849	       | 3072
2850	       | 3072
2851	       | 3072
2852	       | 3072
2853	       | 3072
2854	       | 3072
2855	       | 3072
2856	       | 3072
2857	       | 3072
2858	       | 3072
2859	       | 3072
2860	       | 3072
2861	       | 3072
2862	       | 3072
2863	       | 3072
2864	       | 3072
2865	       | 3072
2866	       | 3072
2867	       | 3072
2868	       | 3072
2869	       | 3072
2870	       | 3072
2871	       | 3072
2872	       | 3072
2873	       | 3072
2874	       | 3072
2875	       | 3072
2876	       | 3072
2877	       | 3072
2878	       | 3072
2879	       | 3072
2880	       | 3072
2881	       | 3072
2882	       | 3072
2883	       | 3072
2884	       | 3072
2885	       | 3072
2886	       | 3072
2887	       | 3072
2888	       | 3072
2889	       | 3072
2890	       | 3072
2891	       | 3072
2892	       | 3072
2893	       | 3072
2894	       | 3072
2895	       | 3072
2896	       | 3072
2897	       | 3072
2898	       | 3072
2899	       | 3072
2900	       | 3072
2901	       | 3072
2902	       | 3072
2903	       | 3072
2904	       | 3072
2905	       | 3072
2906	       | 3072
2907	       | 3072
2908	       | 3072
2909	       | 3072
2910	       | 3072
2911	       | 3072
2912	       | 3072
2913	       | 3072
2914	       | 3072
2915	       | 3072
2916	       | 3072
2917	       | 3072
2918	       | 3072
2919	       | 3072
2920	       | 3072
2921	       | 3072
2922	       | 3072
2923	       | 3072
2924	       | 3072
2925	       | 3072
2926	       | 3072
2927	       | 3072
2928	       | 3072
2929	       | 3072
2930	       | 3072
2931	       | 3072
2932	       | 3072
2933	       | 3072
2934	       | 3072
2935	       | 3072
2936	       | 3072
2937	       | 3072
2938	       | 3072
2939	       | 3072
2940	       | 3072
2941	       | 3072
2942	       | 3072
2943	       | 3072
2944	       | 3072
2945	       | 3072
2946	       | 3072
2947	       | 3072
2948	       | 3072
2949	       | 3072
2950	       | 3072
2951	       | 3072
2952	       | 3072
2953	       | 3072
2954	       | 3072
2955	       | 3072
2956	       | 3072
2957	       | 3072
2958	       | 3072
2959	       | 3072
2960	       | 3072
2961	       | 3072
2962	       | 3072
2963	       | 3072
2964	       | 3072
2965	       | 3072
2966	       | 3072
2967	       | 3072
2968	       | 3072
2969	       | 3072
2970	       | 3072
2971	       | 3072
2972	       | 3072
2973	       | 3072
2974	       | 3072
2975	       | 3072
2976	       | 3072
2977	       | 3072
2978	       | 3072
2979	       | 3072
2980	       | 3072
2981	       | 3072
2982	       | 3072
2983	       | 3072
2984	       | 3072
2985	       | 3072
2986	       | 3072
2987	       | 3072
2988	       | 3072
2989	       | 3072
2990	       | 3072
2991	       | 3072
2992	       | 3072
2993	       | 3072
2994	       | 3072
2995	       | 3072
2996	       | 3072
2997	       | 3072
2998	       | 3072
2999	       | 3072
3000	       | 3072
3001	       | 3072
3002	       | 3072
3003	       | 3072
3004	       | 3072
3005	       | 3072
3006	       | 3072
3007	       | 3072
3008	       | 3072
3009	       | 3072
3010	       | 3072
3011	       | 3072
3012	       | 3072
3013	       | 3072
3014	       | 3072
3015	       | 3072
3016	       | 3072
3017	       | 3072
3018	       | 3072
3019	       | 3072
3020	       | 3072
3021	       | 3072
3022	       | 3072
3023	       | 3072
3024	       | 3072
3025	       | 3072
3026	       | 3072
3027	       | 3072
3028	       | 3072
3029	       | 3072
3030	       | 3072
3031	       | 3072
3032	       | 3072
3033	       | 3072
3034	       | 3072
3035	       | 3072
3036	       | 3072
3037	       | 3072
3038	       | 3072
3039	       | 3072
3040	       | 3072
3041	       | 3072
3042	       | 3072
3043	       | 3072
3044	       | 3072
3045	       | 3072
3046	       | 3072
3047	       | 3072
3048	       | 3072
3049	       | 3072
3050	       | 3072
3051	       | 3072
3052	       | 3072
3053	       | 3072
3054	       | 3072
3055	       | 3072
3056	       | 3072
3057	       | 3072
3058	       | 3072
3059	       | 3072
3060	       | 3072
3061	       | 3072
3062	       | 3072
3063	       | 3072
3064	       | 3072
3065	       | 3072
3066	       | 3072
3067	       | 3072
3068	       | 3072
3069	       | 3072
3070	       | 3072
3071	       | 3072
3072	       | 3072
3073	       | 3584
3074	       | 3584
3075	       | 3584
3076	       | 3584
3077	       | 3584
3078	       | 3584
3079	       | 3584
3080	       | 3584
3081	       | 3584
3082	       | 3584
3083	       | 3584
3084	       | 3584
3085	       | 3584
3086	       | 3584
3087	       | 3584
3088	       | 3584
3089	       | 3584
3090	       | 3584
3091	       | 3584
3092	       | 3584
3093	       | 3584
3094	       | 3584
3095	       | 3584
3096	       | 3584
3097	       | 3584
3098	       | 3584
3099	       | 3584
3100	       | 3584
3101	       | 3584
3102	       | 3584
3103	       | 3584
3104	       | 3584
3105	       | 3584
3106	       | 3584
3107	       | 3584
3108	       | 3584
3109	       | 3584
3110	       | 3584
3111	       | 3584
3112	       | 3584
3113	       | 3584
3114	       | 3584
3115	       | 3584
3116	       | 3584
3117	       | 3584
3118	       | 3584
3119	       | 3584
3120	       | 3584
3121	       | 3584
3122	       | 3584
3123	       | 3584
3124	       | 3584
3125	       | 3584
3126	       | 3584
3127	       | 3584
3128	       | 3584
3129	       | 3584
3130	       | 3584
3131	       | 3584
3132	       | 3584
3133	       | 3584
3134	       | 3584
3135	       | 3584
3136	       | 3584
3137	       | 3584
3138	       | 3584
3139	       | 3584
3140	       | 3584
3141	       | 3584
3142	       | 3584
3143	       | 3584
3144	       | 3584
3145	       | 3584
3146	       | 3584
3147	       | 3584
3148	       | 3584
3149	       | 3584
3150	       | 3584
3151	       | 3584
3152	       | 3584
3153	       | 3584
3154	       | 3584
3155	       | 3584
3156	       | 3584
3157	       | 3584
3158	       | 3584
3159	       | 3584
3160	       | 3584
3161	       | 3584
3162	       | 3584
3163	       | 3584
3164	       | 3584
3165	       | 3584
3166	       | 3584
3167	       | 3584
3168	       | 3584
3169	       | 3584
3170	       | 3584
3171	       | 3584
3172	       | 3584
3173	       | 3584
3174	       | 3584
3175	       | 3584
3176	       | 3584
3177	       | 3584
3178	       | 3584
3179	       | 3584
3180	       | 3584
3181	       | 3584
3182	       | 3584
3183	       | 3584
3184	       | 3584
3185	       | 3584
3186	       | 3584
3187	       | 3584
3188	       | 3584
3189	       | 3584
3190	       | 3584
3191	       | 3584
3192	       | 3584
3193	       | 3584
3194	       | 3584
3195	       | 3584
3196	       | 3584
3197	       | 3584
3198	       | 3584
3199	       | 3584
3200	       | 3584
3201	       | 3584
3202	       | 3584
3203	       | 3584
3204	       | 3584
3205	       | 3584
3206	       | 3584
3207	       | 3584
3208	       | 3584
3209	       | 3584
3210	       | 3584
3211	       | 3584
3212	       | 3584
3213	       | 3584
3214	       | 3584
3215	       | 3584
3216	       | 3584
3217	       | 3584
3218	       | 3584
3219	       | 3584
3220	       | 3584
3221	       | 3584
3222	       | 3584
3223	       | 3584
3224	       | 3584
3225	       | 3584
3226	       | 3584
3227	       | 3584
3228	       | 3584
3229	       | 3584
3230	       | 3584
3231	       | 3584
3232	       | 3584
3233	       | 3584
3234	       | 3584
3235	       | 3584
3236	       | 3584
3237	       | 3584
3238	       | 3584
3239	       | 3584
3240	       | 3584
3241	       | 3584
3242	       | 3584
3243	       | 3584
3244	       | 3584
3245	       | 3584
3246	       | 3584
3247	       | 3584
3248	       | 3584
3249	       | 3584
3250	       | 3584
3251	       | 3584
3252	       | 3584
3253	       | 3584
3254	       | 3584
3255	       | 3584
3256	       | 3584
3257	       | 3584
3258	       | 3584
3259	       | 3584
3260	       | 3584
3261	       | 3584
3262	       | 3584
3263	       | 3584
3264	       | 3584
3265	       | 3584
3266	       | 3584
3267	       | 3584
3268	       | 3584
3269	       | 3584
3270	       | 3584
3271	       | 3584
3272	       | 3584
3273	       | 3584
3274	       | 3584
3275	       | 3584
3276	       | 3584
3277	       | 3584
3278	       | 3584
3279	       | 3584
3280	       | 3584
3281	       | 3584
3282	       | 3584
3283	       | 3584
3284	       | 3584
3285	       | 3584
3286	       | 3584
3287	       | 3584
3288	       | 3584
3289	       | 3584
3290	       | 3584
3291	       | 3584
3292	       | 3584
3293	       | 3584
3294	       | 3584
3295	       | 3584
3296	       | 3584
3297	       | 3584
3298	       | 3584
3299	       | 3584
3300	       | 3584
3301	       | 3584
3302	       | 3584
3303	       | 3584
3304	       | 3584
3305	       | 3584
3306	       | 3584
3307	       | 3584
3308	       | 3584
3309	       | 3584
3310	       | 3584
3311	       | 3584
3312	       | 3584
3313	       | 3584
3314	       | 3584
3315	       | 3584
3316	       | 3584
3317	       | 3584
3318	       | 3584
3319	       | 3584
3320	       | 3584
3321	       | 3584
3322	       | 3584
3323	       | 3584
3324	       | 3584
3325	       | 3584
3326	       | 3584
3327	       | 3584
3328	       | 3584
3329	       | 3584
3330	       | 3584
3331	       | 3584
3332	       | 3584
3333	       | 3584
3334	       | 3584
3335	       | 3584
3336	       | 3584
3337	       | 3584
3338	       | 3584
3339	       | 3584
3340	       | 3584
3341	       | 3584
3342	       | 3584
3343	       | 3584
3344	       | 3584
3345	       | 3584
3346	       | 3584
3347	       | 3584
3348	       | 3584
3349	       | 3584
3350	       | 3584
3351	       | 3584
3352	       | 3584
3353	       | 3584
3354	       | 3584
3355	       | 3584
3356	       | 3584
3357	       | 3584
3358	       | 3584
3359	       | 3584
3360	       | 3584
3361	       | 3584
3362	       | 3584
3363	       | 3584
3364	       | 3584
3365	       | 3584
3366	       | 3584
3367	       | 3584
3368	       | 3584
3369	       | 3584
3370	       | 3584
3371	       | 3584
3372	       | 3584
3373	       | 3584
3374	       | 3584
3375	       | 3584
3376	       | 3584
3377	       | 3584
3378	       | 3584
3379	       | 3584
3380	       | 3584
3381	       | 3584
3382	       | 3584
3383	       | 3584
3384	       | 3584
3385	       | 3584
3386	       | 3584
3387	       | 3584
3388	       | 3584
3389	       | 3584
3390	       | 3584
3391	       | 3584
3392	       | 3584
3393	       | 3584
3394	       | 3584
3395	       | 3584
3396	       | 3584
3397	       | 3584
3398	       | 3584
3399	       | 3584
3400	       | 3584
3401	       | 3584
3402	       | 3584
3403	       | 3584
3404	       | 3584
3405	       | 3584
3406	       | 3584
3407	       | 3584
3408	       | 3584
3409	       | 3584
3410	       | 3584
3411	       | 3584
3412	       | 3584
3413	       | 3584
3414	       | 3584
3415	       | 3584
3416	       | 3584
3417	       | 3584
3418	       | 3584
3419	       | 3584
3420	       | 3584
3421	       | 3584
3422	       | 3584
3423	       | 3584
3424	       | 3584
3425	       | 3584
3426	       | 3584
3427	       | 3584
3428	       | 3584
3429	       | 3584
3430	       | 3584
3431	       | 3584
3432	       | 3584
3433	       | 3584
3434	       | 3584
3435	       | 3584
3436	       | 3584
3437	       | 3584
3438	       | 3584
3439	       | 3584
3440	       | 3584
3441	       | 3584
3442	       | 3584
3443	       | 3584
3444	       | 3584
3445	       | 3584
3446	       | 3584
3447	       | 3584
3448	       | 3584
3449	       | 3584
3450	       | 3584
3451	       | 3584
3452	       | 3584
3453	       | 3584
3454	       | 3584
3455	       | 3584
3456	       | 3584
3457	       | 3584
3458	       | 3584
3459	       | 3584
3460	       | 3584
3461	       | 3584
3462	       | 3584
3463	       | 3584
3464	       | 3584
3465	       | 3584
3466	       | 3584
3467	       | 3584
3468	       | 3584
3469	       | 3584
3470	       | 3584
3471	       | 3584
3472	       | 3584
3473	       | 3584
3474	       | 3584
3475	       | 3584
3476	       | 3584
3477	       | 3584
3478	       | 3584
3479	       | 3584
3480	       | 3584
3481	       | 3584
3482	       | 3584
3483	       | 3584
3484	       | 3584
3485	       | 3584
3486	       | 3584
3487	       | 3584
3488	       | 3584
3489	       | 3584
3490	       | 3584
3491	       | 3584
3492	       | 3584
3493	       | 3584
3494	       | 3584
3495	       | 3584
3496	       | 3584
3497	       | 3584
3498	       | 3584
3499	       | 3584
3500	       | 3584
3501	       | 3584
3502	       | 3584
3503	       | 3584
3504	       | 3584
3505	       | 3584
3506	       | 3584
3507	       | 3584
3508	       | 3584
3509	       | 3584
3510	       | 3584
3511	       | 3584
3512	       | 3584
3513	       | 3584
3514	       | 3584
3515	       | 3584
3516	       | 3584
3517	       | 3584
3518	       | 3584
3519	       | 3584
3520	       | 3584
3521	       | 3584
3522	       | 3584
3523	       | 3584
3524	       | 3584
3525	       | 3584
3526	       | 3584
3527	       | 3584
3528	       | 3584
3529	       | 3584
3530	       | 3584
3531	       | 3584
3532	       | 3584
3533	       | 3584
3534	       | 3584
3535	       | 3584
3536	       | 3584
3537	       | 3584
3538	       | 3584
3539	       | 3584
3540	       | 3584
3541	       | 3584
3542	       | 3584
3543	       | 3584
3544	       | 3584
3545	       | 3584
3546	       | 3584
3547	       | 3584
3548	       | 3584
3549	       | 3584
3550	       | 3584
3551	       | 3584
3552	       | 3584
3553	       | 3584
3554	       | 3584
3555	       | 3584
3556	       | 3584
3557	       | 3584
3558	       | 3584
3559	       | 3584
3560	       | 3584
3561	       | 3584
3562	       | 3584
3563	       | 3584
3564	       | 3584
3565	       | 3584
3566	       | 3584
3567	       | 3584
3568	       | 3584
3569	       | 3584
3570	       | 3584
3571	       | 3584
3572	       | 3584
3573	       | 3584
3574	       | 3584
3575	       | 3584
3576	       | 3584
3577	       | 3584
3578	       | 3584
3579	       | 3584
3580	       | 3584
3581	       | 3584
3582	       | 3584
3583	       | 3584
3584	       | 3584
3585	       | 4096
3586	       | 4096
3587	       | 4096
3588	       | 4096
3589	       | 4096
3590	       | 4096
3591	       | 4096
3592	       | 4096
3593	       | 4096
3594	       | 4096
3595	       | 4096
3596	       | 4096
3597	       | 4096
3598	       | 4096
3599	       | 4096
3600	       | 4096
3601	       | 4096
3602	       | 4096
3603	       | 4096
3604	       | 4096
3605	       | 4096
3606	       | 4096
3607	       | 4096
3608	       | 4096
3609	       | 4096
3610	       | 4096
3611	       | 4096
3612	       | 4096
3613	       | 4096
3614	       | 4096
3615	       | 4096
3616	       | 4096
3617	       | 4096
3618	       | 4096
3619	       | 4096
3620	       | 4096
3621	       | 4096
3622	       | 4096
3623	       | 4096
3624	       | 4096
3625	       | 4096
3626	       | 4096
3627	       | 4096
3628	       | 4096
3629	       | 4096
3630	       | 4096
3631	       | 4096
3632	       | 4096
3633	       | 4096
3634	       | 4096
3635	       | 4096
3636	       | 4096
3637	       | 4096
3638	       | 4096
3639	       | 4096
3640	       | 4096
3641	       | 4096
3642	       | 4096
3643	       | 4096
3644	       | 4096
3645	       | 4096
3646	       | 4096
3647	       | 4096
3648	       | 4096
3649	       | 4096
3650	       | 4096
3651	       | 4096
3652	       | 4096
3653	       | 4096
3654	       | 4096
3655	       | 4096
3656	       | 4096
3657	       | 4096
3658	       | 4096
3659	       | 4096
3660	       | 4096
3661	       | 4096
3662	       | 4096
3663	       | 4096
3664	       | 4096
3665	       | 4096
3666	       | 4096
3667	       | 4096
3668	       | 4096
3669	       | 4096
3670	       | 4096
3671	       | 4096
3672	       | 4096
3673	       | 4096
3674	       | 4096
3675	       | 4096
3676	       | 4096
3677	       | 4096
3678	       | 4096
3679	       | 4096
3680	       | 4096
3681	       | 4096
3682	       | 4096
3683	       | 4096
3684	       | 4096
3685	       | 4096
3686	       | 4096
3687	       | 4096
3688	       | 4096
3689	       | 4096
3690	       | 4096
3691	       | 4096
3692	       | 4096
3693	       | 4096
3694	       | 4096
3695	       | 4096
3696	       | 4096
3697	       | 4096
3698	       | 4096
3699	       | 4096
3700	       | 4096
3701	       | 4096
3702	       | 4096
3703	       | 4096
3704	       | 4096
3705	       | 4096
3706	       | 4096
3707	       | 4096
3708	       | 4096
3709	       | 4096
3710	       | 4096
3711	       | 4096
3712	       | 4096
3713	       | 4096
3714	       | 4096
3715	       | 4096
3716	       | 4096
3717	       | 4096
3718	       | 4096
3719	       | 4096
3720	       | 4096
3721	       | 4096
3722	       | 4096
3723	       | 4096
3724	       | 4096
3725	       | 4096
3726	       | 4096
3727	       | 4096
3728	       | 4096
3729	       | 4096
3730	       | 4096
3731	       | 4096
3732	       | 4096
3733	       | 4096
3734	       | 4096
3735	       | 4096
3736	       | 4096
3737	       | 4096
3738	       | 4096
3739	       | 4096
3740	       | 4096
3741	       | 4096
3742	       | 4096
3743	       | 4096
3744	       | 4096
3745	       | 4096
3746	       | 4096
3747	       | 4096
3748	       | 4096
3749	       | 4096
3750	       | 4096
3751	       | 4096
3752	       | 4096
3753	       | 4096
3754	       | 4096
3755	       | 4096
3756	       | 4096
3757	       | 4096
3758	       | 4096
3759	       | 4096
3760	       | 4096
3761	       | 4096
3762	       | 4096
3763	       | 4096
3764	       | 4096
3765	       | 4096
3766	       | 4096
3767	       | 4096
3768	       | 4096
3769	       | 4096
3770	       | 4096
3771	       | 4096
3772	       | 4096
3773	       | 4096
3774	       | 4096
3775	       | 4096
3776	       | 4096
3777	       | 4096
3778	       | 4096
3779	       | 4096
3780	       | 4096
3781	       | 4096
3782	       | 4096
3783	       | 4096
3784	       | 4096
3785	       | 4096
3786	       | 4096
3787	       | 4096
3788	       | 4096
3789	       | 4096
3790	       | 4096
3791	       | 4096
3792	       | 4096
3793	       | 4096
3794	       | 4096
3795	       | 4096
3796	       | 4096
3797	       | 4096
3798	       | 4096
3799	       | 4096
3800	       | 4096
3801	       | 4096
3802	       | 4096
3803	       | 4096
3804	       | 4096
3805	       | 4096
3806	       | 4096
3807	       | 4096
3808	       | 4096
3809	       | 4096
3810	       | 4096
3811	       | 4096
3812	       | 4096
3813	       | 4096
3814	       | 4096
3815	       | 4096
3816	       | 4096
3817	       | 4096
3818	       | 4096
3819	       | 4096
3820	       | 4096
3821	       | 4096
3822	       | 4096
3823	       | 4096
3824	       | 4096
3825	       | 4096
3826	       | 4096
3827	       | 4096
3828	       | 4096
3829	       | 4096
3830	       | 4096
3831	       | 4096
3832	       | 4096
3833	       | 4096
3834	       | 4096
3835	       | 4096
3836	       | 4096
3837	       | 4096
3838	       | 4096
3839	       | 4096
3840	       | 4096
3841	       | 4096
3842	       | 4096
3843	       | 4096
3844	       | 4096
3845	       | 4096
3846	       | 4096
3847	       | 4096
3848	       | 4096
3849	       | 4096
3850	       | 4096
3851	       | 4096
3852	       | 4096
3853	       | 4096
3854	       | 4096
3855	       | 4096
3856	       | 4096
3857	       | 4096
3858	       | 4096
3859	       | 4096
3860	       | 4096
3861	       | 4096
3862	       | 4096
3863	       | 4096
3864	       | 4096
3865	       | 4096
3866	       | 4096
3867	       | 4096
3868	       | 4096
3869	       | 4096
3870	       | 4096
3871	       | 4096
3872	       | 4096
3873	       | 4096
3874	       | 4096
3875	       | 4096
3876	       | 4096
3877	       | 4096
3878	       | 4096
3879	       | 4096
3880	       | 4096
3881	       | 4096
3882	       | 4096
3883	       | 4096
3884	       | 4096
3885	       | 4096
3886	       | 4096
3887	       | 4096
3888	       | 4096
3889	       | 4096
3890	       | 4096
3891	       | 4096
3892	       | 4096
3893	       | 4096
3894	       | 4096
3895	       | 4096
3896	       | 4096
3897	       | 4096
3898	       | 4096
3899	       | 4096
3900	       | 4096
3901	       | 4096
3902	       | 4096
3903	       | 4096
3904	       | 4096
3905	       | 4096
3906	       | 4096
3907	       | 4096
3908	       | 4096
3909	       | 4096
3910	       | 4096
3911	       | 4096
3912	       | 4096
3913	       | 4096
3914	       | 4096
3915	       | 4096
3916	       | 4096
3917	       | 4096
3918	       | 4096
3919	       | 4096
3920	       | 4096
3921	       | 4096
3922	       | 4096
3923	       | 4096
3924	       | 4096
3925	       | 4096
3926	       | 4096
3927	       | 4096
3928	       | 4096
3929	       | 4096
3930	       | 4096
3931	       | 4096
3932	       | 4096
3933	       | 4096
3934	       | 4096
3935	       | 4096
3936	       | 4096
3937	       | 4096
3938	       | 4096
3939	       | 4096
3940	       | 4096
3941	       | 4096
3942	       | 4096
3943	       | 4096
3944	       | 4096
3945	       | 4096
3946	       | 4096
3947	       | 4096
3948	       | 4096
3949	       | 4096
3950	       | 4096
3951	       | 4096
3952	       | 4096
3953	       | 4096
3954	       | 4096
3955	       | 4096
3956	       | 4096
3957	       | 4096
3958	       | 4096
3959	       | 4096
3960	       | 4096
3961	       | 4096
3962	       | 4096
3963	       | 4096
3964	       | 4096
3965	       | 4096
3966	       | 4096
3967	       | 4096
3968	       | 4096
3969	       | 4096
3970	       | 4096
3971	       | 4096
3972	       | 4096
3973	       | 4096
3974	       | 4096
3975	       | 4096
3976	       | 4096
3977	       | 4096
3978	       | 4096
3979	       | 4096
3980	       | 4096
3981	       | 4096
3982	       | 4096
3983	       | 4096
3984	       | 4096
3985	       | 4096
3986	       | 4096
3987	       | 4096
3988	       | 4096
3989	       | 4096
3990	       | 4096
3991	       | 4096
3992	       | 4096
3993	       | 4096
3994	       | 4096
3995	       | 4096
3996	       | 4096
3997	       | 4096
3998	       | 4096
3999	       | 4096
4000	       | 4096
4001	       | 4096
4002	       | 4096
4003	       | 4096
4004	       | 4096
4005	       | 4096
4006	       | 4096
4007	       | 4096
4008	       | 4096
4009	       | 4096
4010	       | 4096
4011	       | 4096
4012	       | 4096
4013	       | 4096
4014	       | 4096
4015	       | 4096
4016	       | 4096
4017	       | 4096
4018	       | 4096
4019	       | 4096
4020	       | 4096
4021	       | 4096
4022	       | 4096
4023	       | 4096
4024	       | 4096
4025	       | 4096
4026	       | 4096
4027	       | 4096
4028	       | 4096
4029	       | 4096
4030	       | 4096
4031	       | 4096
4032	       | 4096
4033	       | 4096
4034	       | 4096
4035	       | 4096
4036	       | 4096
4037	       | 4096
4038	       | 4096
4039	       | 4096
4040	       | 4096
4041	       | 4096
4042	       | 4096
4043	       | 4096
4044	       | 4096
4045	       | 4096
4046	       | 4096
4047	       | 4096
4048	       | 4096
4049	       | 4096
4050	       | 4096
4051	       | 4096
4052	       | 4096
4053	       | 4096
4054	       | 4096
4055	       | 4096
4056	       | 4096
4057	       | 4096
4058	       | 4096
4059	       | 4096
4060	       | 4096
4061	       | 4096
4062	       | 4096
4063	       | 4096
4064	       | 4096
4065	       | 4096
4066	       | 4096
4067	       | 4096
4068	       | 4096
4069	       | 4096
4070	       | 4096
4071	       | 4096
4072	       | 4096
4073	       | 4096
4074	       | 4096
4075	       | 4096
4076	       | 4096
4077	       | 4096
4078	       | 4096
4079	       | 4096
4080	       | 4096
4081	       | 4096
4082	       | 4096
4083	       | 4096
4084	       | 4096
4085	       | 4096
4086	       | 4096
4087	       | 4096
4088	       | 4096
4089	       | 4096
4090	       | 4096
4091	       | 4096
4092	       | 4096
4093	       | 4096
4094	       | 4096
4095	       | 4096
4096	       | 4096
---------------|-------------------
Total requested: 8390656 bytes
Total usable:    9183232 bytes
Total overhead:  792576 bytes
Percentage overhead: 9.44594 %
