           1     3.715119        551     110.7       0%        1.0
           2     1.719077       1191      51.2     107%        2.2
           3     1.145955       1787      34.2     100%        3.2
           4     0.878366       2332      26.2      93%        4.2
           5     0.711007       2880      21.2      95%        5.2
           6     0.604722       3387      18.0      90%        6.1
           7     0.530393       3861      15.8      86%        7.0
           8     0.473381       4326      14.1      86%        7.8
           9     0.426725       4799      12.7      89%        8.7
          10     0.385987       5306      11.5      95%        9.6
          11     0.359860       5691      10.7      74%       10.3
          12     0.329980       6206       9.8     100%       11.3
          13     0.308836       6631       9.2      83%       12.0
          14     0.289050       7085       8.6      90%       12.9
          15     0.275278       7440       8.2      71%       13.5
          16     0.255476       8016       7.6     115%       14.5
          17     0.240258       8524       7.2     101%       15.5
          18     0.228904       8947       6.8      85%       16.2
          19     0.217170       9430       6.5      97%       17.1
          20     0.210628       9723       6.3      60%       17.6
          21     0.199349      10273       5.9     112%       18.6
          22     0.191639      10687       5.7      85%       19.4
          23     0.184455      11103       5.5      86%       20.1
          24     0.177753      11522       5.3      87%       20.9
          25     0.171625      11933       5.1      86%       21.6
          26     0.166767      12281       5.0      74%       22.3
          27     0.161643      12670       4.8      83%       23.0
          28     0.157517      13002       4.7      71%       23.6
          29     0.163415      12532       4.9    -109%       22.7
          30     0.160614      12751       4.8      51%       23.1
          31     0.159971      12802       4.8      12%       23.2
          32     0.151876      13485       4.5     162%       24.5
          33     0.156956      13048       4.7    -110%       23.7
          34     0.146748      13956       4.4     221%       25.3
          35     0.153355      13355       4.6    -158%       24.2
          36     0.140177      14610       4.2     309%       26.5
          37     0.158528      12919       4.7    -484%       23.4
          38     0.136764      14975       4.1     522%       27.2
          39     0.147163      13917       4.4    -297%       25.2
          40     0.134333      15246       4.0     349%       27.7
