1 0.0499 0.499 0.09072727272727273
2 0.0906 0.453 0.151
3 0.1177 0.39233333333333337 0.1810769230769231
4 0.1439 0.35975 0.20557142857142857
5 0.1621 0.3242 0.21613333333333332
6 0.1842 0.307 0.23024999999999998
7 0.20129999999999998 0.28757142857142853 0.23682352941176468
8 0.2149 0.268625 0.23877777777777778
9 0.2257 0.25077777777777777 0.23757894736842108
10 0.23879999999999998 0.23879999999999998 0.23879999999999996
11 0.2521 0.22918181818181818 0.24009523809523808
12 0.2572 0.21433333333333335 0.23381818181818184
13 0.2644 0.20338461538461539 0.2299130434782609
14 0.2771 0.19792857142857143 0.23091666666666666
15 0.2802 0.1868 0.22415999999999997
16 0.2844 0.17775 0.21876923076923077
17 0.29500000000000004 0.1735294117647059 0.21851851851851856
18 0.30110000000000003 0.16727777777777778 0.21507142857142855
19 0.305 0.16052631578947368 0.21034482758620693
20 0.3121 0.15605 0.20806666666666668
21 0.3164 0.15066666666666667 0.20412903225806453
22 0.3236 0.1470909090909091 0.20224999999999999
23 0.33039999999999997 0.14365217391304347 0.20024242424242422
24 0.331 0.13791666666666666 0.19470588235294117
25 0.33999999999999997 0.136 0.1942857142857143
26 0.3427 0.13180769230769232 0.19038888888888889
27 0.34550000000000003 0.12796296296296297 0.18675675675675676
28 0.34609999999999996 0.12360714285714285 0.1821578947368421
29 0.35409999999999997 0.12210344827586207 0.1815897435897436
30 0.3573 0.1191 0.17865
31 0.3614 0.11658064516129032 0.17629268292682926
32 0.3601 0.11253125 0.17147619047619048
33 0.36469999999999997 0.11051515151515151 0.16962790697674418
34 0.3675 0.10808823529411764 0.16704545454545452
35 0.3707 0.10591428571428571 0.16475555555555554
36 0.3751 0.10419444444444444 0.16308695652173913
37 0.3801 0.10272972972972974 0.16174468085106386
38 0.38130000000000003 0.1003421052631579 0.15887500000000002
39 0.3845 0.0985897435897436 0.15693877551020408
40 0.3856 0.0964 0.15424
41 0.3901 0.09514634146341464 0.15298039215686277
42 0.3879 0.09235714285714286 0.1491923076923077
43 0.3933 0.09146511627906977 0.14841509433962263
44 0.39 0.08863636363636364 0.14444444444444446
45 0.4006 0.08902222222222222 0.1456727272727273
46 0.3991 0.08676086956521739 0.1425357142857143
47 0.4025 0.08563829787234044 0.14122807017543862
48 0.4072 0.08483333333333333 0.1404137931034483
49 0.41159999999999997 0.08399999999999999 0.13952542372881355
50 0.40919999999999995 0.08184 0.1364
51 0.4077 0.07994117647058824 0.133672131147541
52 0.40990000000000004 0.07882692307692309 0.13222580645161292
53 0.413 0.07792452830188679 0.1311111111111111
54 0.4141 0.07668518518518519 0.12940625
55 0.418 0.076 0.1286153846153846
56 0.4236 0.07564285714285714 0.12836363636363635
57 0.4255 0.07464912280701755 0.12701492537313433
58 0.4272 0.0736551724137931 0.1256470588235294
59 0.42469999999999997 0.07198305084745762 0.1231014492753623
60 0.42939999999999995 0.07156666666666665 0.12268571428571426
61 0.4328 0.07095081967213115 0.1219154929577465
62 0.4325 0.06975806451612904 0.12013888888888889
63 0.43760000000000004 0.06946031746031747 0.11989041095890413
64 0.4391 0.068609375 0.11867567567567568
65 0.4359 0.06706153846153846 0.11624000000000001
66 0.4387 0.06646969696969696 0.11544736842105262
67 0.4373 0.06526865671641792 0.1135844155844156
68 0.44210000000000005 0.06501470588235295 0.11335897435897438
69 0.4418 0.06402898550724638 0.1118481012658228
70 0.4487 0.0641 0.11217500000000001
71 0.44889999999999997 0.06322535211267606 0.11083950617283952
72 0.45010000000000006 0.0625138888888889 0.10978048780487806
73 0.4474 0.06128767123287671 0.10780722891566266
74 0.4506 0.0608918918918919 0.10728571428571429
75 0.45170000000000005 0.06022666666666667 0.10628235294117648
76 0.45410000000000006 0.059750000000000004 0.1056046511627907
77 0.45519999999999994 0.05911688311688311 0.10464367816091953
78 0.4582 0.058743589743589744 0.10413636363636365
79 0.454 0.057468354430379745 0.10202247191011236
80 0.45519999999999994 0.05689999999999999 0.10115555555555554
81 0.45709999999999995 0.05643209876543209 0.10046153846153846
82 0.4624 0.05639024390243902 0.10052173913043476
83 0.4638 0.05587951807228916 0.09974193548387096
84 0.46159999999999995 0.05495238095238095 0.09821276595744681
85 0.46769999999999995 0.0550235294117647 0.09846315789473684
86 0.4659 0.05417441860465116 0.0970625
87 0.46740000000000004 0.053724137931034484 0.09637113402061856
88 0.4687 0.05326136363636364 0.0956530612244898
89 0.471 0.05292134831460674 0.09515151515151515
90 0.4721 0.052455555555555554 0.09441999999999999
91 0.4681 0.05143956043956044 0.09269306930693069
92 0.47640000000000005 0.051782608695652176 0.09341176470588236
93 0.4768 0.05126881720430107 0.09258252427184464
94 0.4769 0.05073404255319149 0.09171153846153846
95 0.4755 0.05005263157894737 0.09057142857142857
96 0.4793 0.04992708333333334 0.09043396226415096
97 0.47919999999999996 0.0494020618556701 0.08957009345794391
98 0.4829 0.04927551020408163 0.08942592592592591
99 0.4812 0.04860606060606061 0.08829357798165138
100 0.4845 0.04845 0.08809090909090908
101 0.48810000000000003 0.04832673267326733 0.08794594594594594
102 0.48600000000000004 0.04764705882352942 0.0867857142857143
103 0.48630000000000007 0.047213592233009714 0.086070796460177
104 0.48760000000000003 0.046884615384615386 0.08554385964912281
105 0.4868 0.046361904761904764 0.0846608695652174
106 0.48410000000000003 0.04566981132075472 0.08346551724137932
107 0.4866 0.04547663551401869 0.08317948717948717
108 0.4888 0.045259259259259256 0.08284745762711863
109 0.49210000000000004 0.04514678899082569 0.08270588235294117
110 0.49260000000000004 0.044781818181818187 0.08210000000000002
111 0.49169999999999997 0.0442972972972973 0.08127272727272726
112 0.49379999999999996 0.04408928571428571 0.08095081967213114
113 0.4934 0.043663716814159294 0.08022764227642276
114 0.4967 0.04357017543859649 0.08011290322580644
115 0.49429999999999996 0.04298260869565217 0.07908799999999999
116 0.49820000000000003 0.042948275862068966 0.07907936507936507
117 0.49560000000000004 0.042358974358974365 0.0780472440944882
118 0.4986 0.04225423728813559 0.07790625
119 0.4957 0.04165546218487395 0.07685271317829458
120 0.5021 0.041841666666666666 0.07724615384615384
121 0.4986 0.04120661157024793 0.07612213740458015
122 0.5042 0.04132786885245902 0.07639393939393939
123 0.5014000000000001 0.04076422764227643 0.07539849624060152
124 0.5031 0.04057258064516129 0.07508955223880596
125 0.504 0.04032 0.07466666666666667
126 0.5054000000000001 0.04011111111111111 0.0743235294117647
127 0.5042 0.0397007874015748 0.07360583941605839
128 0.507 0.039609375 0.07347826086956522
129 0.5088 0.03944186046511628 0.07320863309352518
130 0.5115999999999999 0.03935384615384615 0.07308571428571428
131 0.5082 0.03879389312977099 0.07208510638297871
132 0.5115000000000001 0.03875 0.07204225352112675
133 0.5115000000000001 0.03845864661654135 0.07153846153846154
134 0.514 0.03835820895522388 0.07138888888888888
135 0.5133 0.03802222222222222 0.0708
136 0.5126000000000001 0.037691176470588235 0.07021917808219177
137 0.5139 0.03751094890510949 0.06991836734693878
138 0.5161 0.03739855072463768 0.06974324324324324
139 0.5206000000000001 0.03745323741007194 0.06987919463087248
140 0.5141 0.03672142857142857 0.06854666666666667
141 0.5183 0.03675886524822695 0.06864900662251655
142 0.5155000000000001 0.03630281690140845 0.06782894736842104
143 0.5216999999999999 0.03648251748251748 0.06819607843137254
144 0.5212 0.036194444444444446 0.06768831168831169
145 0.523 0.03606896551724138 0.06748387096774194
146 0.5206000000000001 0.03565753424657535 0.06674358974358975
147 0.5184 0.03526530612244898 0.06603821656050955
148 0.52 0.03513513513513514 0.06582278481012659
149 0.5262 0.03531543624161074 0.06618867924528302
150 0.5205 0.0347 0.06506250000000001
151 0.5241 0.03470860927152317 0.06510559006211179
152 0.5223 0.034361842105263156 0.06448148148148147
153 0.5244 0.03427450980392157 0.0643435582822086
154 0.5246000000000001 0.03406493506493507 0.06397560975609758
155 0.5277999999999999 0.0340516129032258 0.06397575757575756
156 0.5296000000000001 0.03394871794871795 0.06380722891566265
157 0.5316 0.03385987261146497 0.06366467065868264
158 0.5335 0.03376582278481013 0.06351190476190476
159 0.5301 0.033339622641509435 0.0627337278106509
160 0.5343 0.03339375 0.06285882352941176
161 0.5352 0.033242236024844725 0.06259649122807018
162 0.5366 0.033123456790123455 0.06239534883720929
163 0.5349999999999999 0.03282208588957055 0.061849710982658956
164 0.5326 0.03247560975609756 0.0612183908045977
165 0.5328999999999999 0.03229696969696969 0.06090285714285713
166 0.5299 0.031921686746987955 0.060215909090909105
167 0.5324 0.03188023952095808 0.060158192090395475
168 0.5377 0.03200595238095238 0.060415730337078644
169 0.536 0.031715976331360946 0.059888268156424576
170 0.5391 0.031711764705882356 0.05990000000000001
171 0.5368 0.031391812865497075 0.05931491712707182
172 0.5354 0.031127906976744186 0.058835164835164835
173 0.5391 0.03116184971098266 0.05891803278688525
174 0.5377 0.030902298850574713 0.058445652173913044
175 0.541 0.030914285714285714 0.05848648648648648
176 0.5414 0.030761363636363635 0.05821505376344086
177 0.5407 0.030548022598870055 0.057828877005347584
178 0.5417 0.03043258426966292 0.05762765957446808
179 0.5406 0.030201117318435753 0.057206349206349205
180 0.5463 0.030350000000000002 0.05750526315789474
181 0.5421 0.029950276243093925 0.05676439790575916
182 0.5446 0.02992307692307692 0.05672916666666666
183 0.5436 0.029704918032786885 0.056331606217616584
184 0.5477000000000001 0.029766304347826088 0.0564639175257732
185 0.5443 0.02942162162162162 0.05582564102564101
186 0.5428 0.02918279569892473 0.055387755102040824
187 0.5445 0.02911764705882353 0.055279187817258886
188 0.5484 0.029170212765957448 0.0553939393939394
189 0.5488999999999999 0.029042328042328043 0.055165829145728644
190 0.5452 0.028694736842105262 0.05452
191 0.5515 0.02887434554973822 0.05487562189054726
192 0.5466 0.02846875 0.054118811881188125
193 0.5506 0.028528497409326427 0.054246305418719214
194 0.5509000000000001 0.02839690721649485 0.054009803921568636
195 0.5495 0.02817948717948718 0.053609756097560975
196 0.5535 0.02823979591836735 0.05373786407766991
197 0.5524 0.028040609137055836 0.0533719806763285
198 0.5514 0.027848484848484848 0.05301923076923076
199 0.5525 0.02776381909547739 0.052870813397129186
200 0.5511 0.027555 0.05248571428571429
201 0.5533 0.027527363184079605 0.05244549763033176
202 0.5478 0.02711881188118812 0.051679245283018864
203 0.5562 0.027399014778325126 0.05222535211267606
204 0.5586 0.027382352941176472 0.05220560747663552
205 0.5574 0.027190243902439022 0.05185116279069767
206 0.5591 0.027140776699029128 0.051768518518518526
207 0.5591999999999999 0.027014492753623186 0.05153917050691244
208 0.5549999999999999 0.026682692307692307 0.05091743119266055
209 0.5548 0.026545454545454546 0.050666666666666665
210 0.5586 0.026600000000000002 0.050781818181818185
211 0.5576 0.026426540284360187 0.050461538461538454
212 0.561 0.0264622641509434 0.05054054054054055
213 0.5601 0.026295774647887325 0.050233183856502245
214 0.5613 0.026228971962616823 0.050116071428571426
215 0.5554 0.025832558139534886 0.0493688888888889
216 0.5570999999999999 0.025791666666666664 0.04930088495575221
217 0.5607 0.025838709677419355 0.049400881057268725
218 0.5605 0.02571100917431193 0.04916666666666668
219 0.5597000000000001 0.025557077625570777 0.048882096069869
220 0.5643 0.02565 0.0490695652173913
221 0.5627 0.02546153846153846 0.04871861471861472
222 0.5648 0.02544144144144144 0.04868965517241379
223 0.5626 0.02522869955156951 0.048291845493562226
224 0.5649 0.02521875 0.048282051282051285
225 0.5665 0.025177777777777778 0.048212765957446814
226 0.5634 0.02492920353982301 0.04774576271186441
227 0.564 0.024845814977973568 0.04759493670886075
228 0.568 0.024912280701754386 0.04773109243697479
229 0.5681 0.024807860262008735 0.04753974895397489
230 0.5662 0.024617391304347827 0.047183333333333334
231 0.5709 0.024714285714285713 0.04737759336099585
232 0.5658000000000001 0.02438793103448276 0.0467603305785124
233 0.5668 0.02432618025751073 0.04665020576131688
234 0.5685 0.024294871794871793 0.0465983606557377
235 0.5656 0.02406808510638298 0.04617142857142857
236 0.5711 0.024199152542372884 0.046430894308943094
237 0.5689 0.0240042194092827 0.04606477732793522
238 0.5676 0.02384873949579832 0.04577419354838709
239 0.5695 0.02382845188284519 0.04574297188755021
240 0.571 0.023791666666666666 0.045680000000000005
241 0.5753999999999999 0.02387551867219917 0.045848605577689244
242 0.5697 0.02354132231404959 0.04521428571428572
243 0.5696 0.023440329218106994 0.045027667984189716
244 0.5761999999999999 0.023614754098360655 0.04537007874015748
245 0.5787 0.023620408163265307 0.04538823529411765
246 0.5730000000000001 0.02329268292682927 0.044765625
247 0.5755 0.023299595141700404 0.044785992217898835
248 0.5742 0.023153225806451613 0.04451162790697674
249 0.5744 0.023068273092369477 0.04435521235521235
250 0.5725 0.0229 0.04403846153846153
251 0.5780000000000001 0.02302788844621514 0.044291187739463604
252 0.5787 0.022964285714285715 0.044175572519083973
253 0.5777 0.02283399209486166 0.043931558935361215
254 0.5761000000000001 0.022681102362204726 0.043643939393939395
255 0.5804 0.022760784313725493 0.04380377358490567
256 0.5801999999999999 0.0226640625 0.04362406015037594
257 0.5788 0.02252140077821012 0.0433558052434457
258 0.5805 0.0225 0.04332089552238806
259 0.576 0.022239382239382238 0.042825278810408915
260 0.5812999999999999 0.022357692307692308 0.04305925925925926
261 0.579 0.022183908045977013 0.04273062730627306
262 0.5836 0.022274809160305345 0.04291176470588236
263 0.5822 0.022136882129277568 0.04265201465201466
264 0.5791999999999999 0.02193939393939394 0.04227737226277372
265 0.5825 0.0219811320754717 0.04236363636363636
266 0.5839000000000001 0.021951127819548874 0.04231159420289855
267 0.5789 0.021681647940074905 0.041797833935018056
268 0.5784 0.021582089552238806 0.04161151079136691
269 0.5812 0.021605947955390337 0.04166308243727599
270 0.5833999999999999 0.021607407407407405 0.04167142857142857
271 0.5848 0.021579335793357933 0.04162277580071175
272 0.5807 0.021349264705882356 0.04118439716312057
273 0.5881000000000001 0.021542124542124542 0.04156183745583039
274 0.5905 0.02155109489051095 0.04158450704225352
275 0.5859 0.021305454545454544 0.0411157894736842
276 0.5854 0.021210144927536232 0.04093706293706294
277 0.5879 0.02122382671480144 0.04096864111498258
278 0.5860000000000001 0.021079136690647482 0.04069444444444444
279 0.5824 0.020874551971326163 0.0403044982698962
280 0.584 0.020857142857142855 0.040275862068965516
281 0.5848 0.02081138790035587 0.04019243986254296
282 0.5898 0.020914893617021275 0.0403972602739726
283 0.589 0.020812720848056535 0.040204778156996586
284 0.5863 0.0206443661971831 0.0398843537414966
285 0.5897 0.02069122807017544 0.03997966101694916
286 0.589 0.020594405594405594 0.03979729729729729
287 0.5916 0.02061324041811847 0.03983838383838384
288 0.5979 0.020760416666666667 0.04012751677852349
289 0.5869 0.020307958477508648 0.039257525083612035
290 0.5881000000000001 0.02027931034482759 0.03920666666666667
291 0.5925 0.020360824742268042 0.039368770764119605
292 0.5891 0.020174657534246576 0.039013245033112584
293 0.5917 0.020194539249146756 0.039056105610561054
294 0.5940000000000001 0.020204081632653064 0.03907894736842106
295 0.5900000000000001 0.02 0.038688524590163934
296 0.5926 0.02002027027027027 0.03873202614379085
297 0.5956 0.020053872053872056 0.038801302931596095
298 0.5948 0.01995973154362416 0.03862337662337663
299 0.5944 0.019879598662207357 0.03847249190938511
300 0.5972999999999999 0.01991 0.038535483870967745
301 0.5944 0.01974750830564784 0.03822508038585209
302 0.5942000000000001 0.019675496688741724 0.038089743589743597
303 0.5901 0.019475247524752475 0.03770607028753994
304 0.5919 0.019470394736842103 0.037700636942675156
305 0.5957 0.019531147540983607 0.03782222222222222
306 0.5937 0.019401960784313728 0.037575949367088614
307 0.5927 0.019306188925081433 0.03739432176656151
308 0.597 0.019383116883116884 0.03754716981132076
309 0.5979 0.019349514563106796 0.0374858934169279
310 0.5964 0.019238709677419356 0.037275
311 0.6031 0.019392282958199357 0.03757632398753894
312 0.6 0.019230769230769232 0.037267080745341616
313 0.5966 0.019060702875399363 0.03694117647058824
314 0.5967 0.019003184713375795 0.03683333333333333
315 0.6002 0.019053968253968254 0.03693538461538461
316 0.6008 0.0190126582278481 0.03685889570552147
317 0.5962 0.018807570977917982 0.036464831804281346
318 0.6018 0.018924528301886793 0.03669512195121951
319 0.6011 0.018843260188087775 0.03654103343465046
320 0.6009 0.018778125 0.03641818181818182
321 0.6019 0.018750778816199378 0.03636858006042296
322 0.6013 0.01867391304347826 0.036222891566265056
323 0.6045 0.018715170278637772 0.03630630630630631
324 0.6052 0.01867901234567901 0.03623952095808383
325 0.6025 0.01853846153846154 0.03597014925373134
326 0.6039 0.018524539877300614 0.035946428571428574
327 0.6054 0.018513761467889907 0.03592878338278932
328 0.6066 0.01849390243902439 0.03589349112426035
329 0.6018 0.018291793313069907 0.035504424778761055
330 0.6026 0.01826060606060606 0.035447058823529415
331 0.6048 0.01827190332326284 0.03547214076246334
332 0.6106 0.01839156626506024 0.035707602339181285
333 0.6046 0.018156156156156157 0.035253644314868805
334 0.6088 0.018227544910179642 0.0353953488372093
335 0.6094999999999999 0.01819402985074627 0.035333333333333335
336 0.6073000000000001 0.018074404761904764 0.03510404624277457
337 0.6052 0.017958456973293766 0.034881844380403454
338 0.6052 0.017905325443786983 0.034781609195402304
339 0.6071 0.017908554572271387 0.034790830945558744
340 0.6073999999999999 0.017864705882352942 0.03470857142857143
341 0.6085 0.01784457478005865 0.03467236467236467
342 0.6082 0.01778362573099415 0.03455681818181818
343 0.6093 0.01776384839650146 0.034521246458923516
344 0.6094999999999999 0.017718023255813953 0.03443502824858757
345 0.6085 0.01763768115942029 0.03428169014084507
346 0.6131 0.01771965317919075 0.0344438202247191
347 0.6104 0.01759077809798271 0.034196078431372554
348 0.61 0.017528735632183906 0.034078212290502785
349 0.6126 0.017553008595988538 0.03412813370473537
350 0.6134999999999999 0.017528571428571428 0.034083333333333334
351 0.6083000000000001 0.01733048433048433 0.03370083102493075
352 0.6096 0.01731818181818182 0.03367955801104973
353 0.6096 0.01726912181303116 0.03358677685950413
354 0.6112 0.017265536723163843 0.03358241758241758
355 0.6113999999999999 0.017222535211267605 0.0335013698630137
356 0.6136 0.017235955056179777 0.033530054644808745
357 0.6142000000000001 0.017204481792717087 0.03347138964577657
358 0.614 0.017150837988826814 0.0333695652173913
359 0.6148 0.01712534818941504 0.03332249322493225
360 0.6169 0.01713611111111111 0.03334594594594594
361 0.6119 0.016950138504155124 0.03298652291105121
362 0.613 0.016933701657458562 0.03295698924731183
363 0.6146 0.016931129476584022 0.0329544235924933
364 0.6168 0.016945054945054945 0.03298395721925134
365 0.6125 0.01678082191780822 0.03266666666666667
366 0.6173 0.016866120218579236 0.03283510638297873
367 0.6192 0.01687193460490463 0.03284880636604774
368 0.6172 0.016771739130434782 0.032656084656084654
369 0.6194 0.016785907859078592 0.03268601583113457
370 0.6131 0.01657027027027027 0.03226842105263158
371 0.6152 0.016582210242587603 0.032293963254593175
372 0.6182000000000001 0.016618279569892473 0.03236649214659686
373 0.6154 0.016498659517426274 0.03213577023498695
374 0.6174999999999999 0.016510695187165775 0.03216145833333333
375 0.6129 0.016343999999999997 0.031838961038961035
376 0.6176 0.016425531914893616 0.032
377 0.6113999999999999 0.016217506631299734 0.0315968992248062
378 0.6133 0.016224867724867725 0.03161340206185567
379 0.6155999999999999 0.016242744063324537 0.03165038560411311
380 0.6183 0.016271052631578947 0.031707692307692305
381 0.6161 0.016170603674540682 0.03151406649616368
382 0.6171 0.016154450261780105 0.03148469387755102
383 0.6201 0.01619060052219321 0.03155725190839695
384 0.6169 0.016065104166666667 0.03131472081218274
385 0.6223 0.016163636363636363 0.03150886075949367
386 0.6166 0.015974093264248704 0.03114141414141414
387 0.6197 0.016012919896640828 0.031219143576826196
388 0.6195 0.015966494845360824 0.031130653266331656
389 0.6181 0.015889460154241645 0.03098245614035088
390 0.6224000000000001 0.015958974358974358 0.03112
391 0.6219 0.01590537084398977 0.031017456359102243
392 0.6219 0.01586479591836735 0.03094029850746269
393 0.6183 0.015732824427480915 0.030684863523573202
394 0.624 0.01583756345177665 0.030891089108910887
395 0.6202 0.01570126582278481 0.03062716049382716
396 0.6261 0.01581060606060606 0.030842364532019703
397 0.623 0.015692695214105795 0.030614250614250618
398 0.6245 0.015690954773869347 0.030612745098039216
399 0.6233 0.01562155388471178 0.03047921760391198
400 0.6245 0.0156125 0.03046341463414634
401 0.6229 0.015533665835411471 0.030311435523114355
402 0.6245 0.015534825870646767 0.030315533980582527
403 0.6265 0.01554590570719603 0.030338983050847455
404 0.6275000000000001 0.015532178217821784 0.03031400966183575
405 0.6242 0.015412345679012346 0.030081927710843375
406 0.6275000000000001 0.015455665024630543 0.03016826923076923
407 0.6269 0.015402948402948403 0.03006714628297362
408 0.6224000000000001 0.015254901960784314 0.029779904306220097
409 0.6251 0.01528361858190709 0.029837708830548926
410 0.626 0.015268292682926829 0.029809523809523807
411 0.629 0.015304136253041363 0.029881235154394302
412 0.6241 0.015148058252427184 0.0295781990521327
413 0.6283000000000001 0.015213075060532688 0.029706855791962174
414 0.6277999999999999 0.015164251207729467 0.02961320754716981
415 0.6249 0.015057831325301203 0.02940705882352941
416 0.6256 0.015038461538461539 0.029370892018779345
417 0.6277999999999999 0.015055155875299759 0.029405152224824354
418 0.6283000000000001 0.0150311004784689 0.029359813084112146
419 0.6272 0.014968973747016707 0.029240093240093235
420 0.6336 0.015085714285714286 0.02946976744186047
421 0.6228 0.01479334916864608 0.028900232018561484
422 0.6295 0.014917061611374408 0.02914351851851852
423 0.629 0.014869976359338061 0.029053117782909935
424 0.6287 0.014827830188679244 0.02897235023041474
425 0.6322 0.01487529411764706 0.02906666666666667
426 0.6304000000000001 0.0147981220657277 0.028917431192660548
427 0.6264000000000001 0.014669789227166276 0.028668192219679634
428 0.6335 0.014801401869158879 0.028926940639269406
429 0.6319 0.014729603729603729 0.0287881548974943
430 0.635 0.014767441860465115 0.028863636363636362
431 0.6351 0.014735498839907192 0.02880272108843537
432 0.633 0.014652777777777778 0.028642533936651584
433 0.6317999999999999 0.01459122401847575 0.028523702031602708
434 0.6306 0.01452995391705069 0.028405405405405402
435 0.6293 0.014466666666666668 0.02828314606741573
436 0.6325000000000001 0.014506880733944955 0.02836322869955157
437 0.6294 0.01440274599542334 0.028161073825503355
438 0.6331 0.01445433789954338 0.028263392857142862
439 0.6303 0.01435763097949886 0.028075723830734967
440 0.636 0.014454545454545456 0.028266666666666673
441 0.6305 0.01429705215419501 0.027960088691796007
442 0.6305 0.01426470588235294 0.027898230088495575
443 0.637 0.014379232505643342 0.028123620309050773
444 0.6347 0.014295045045045047 0.027960352422907495
445 0.6357999999999999 0.014287640449438201 0.02794725274725274
446 0.6359 0.014257847533632287 0.027890350877192983
447 0.6341 0.014185682326621924 0.02775054704595186
448 0.636 0.014196428571428572 0.02777292576419214
449 0.6335 0.01410913140311804 0.02760348583877996
450 0.6328 0.014062222222222222 0.02751304347826087
451 0.6333 0.014042128603104213 0.02747505422993492
452 0.6388 0.014132743362831858 0.027653679653679653
453 0.6336 0.013986754966887418 0.027369330453563715
454 0.6346 0.013977973568281938 0.027353448275862068
455 0.632 0.013890109890109891 0.02718279569892473
456 0.6372 0.013973684210526315 0.027347639484978543
457 0.6365999999999999 0.013929978118161926 0.027263383297644536
458 0.6373 0.013914847161572054 0.02723504273504274
459 0.6365000000000001 0.013867102396514161 0.027142857142857142
460 0.6323000000000001 0.013745652173913044 0.026906382978723404
461 0.641 0.013904555314533622 0.02721868365180467
462 0.6383 0.013816017316017316 0.027046610169491524
463 0.6437 0.01390280777537797 0.027217758985200846
464 0.6394 0.013780172413793104 0.0269789029535865
465 0.6391 0.013744086021505376 0.026909473684210525
466 0.638 0.01369098712446352 0.026806722689075628
467 0.6375 0.013650963597430408 0.026729559748427677
468 0.637 0.013611111111111112 0.026652719665271968
469 0.636 0.013560767590618337 0.026555323590814195
470 0.6414 0.013646808510638297 0.026724999999999995
471 0.6373 0.013530785562632697 0.026498960498960503
472 0.6434 0.01363135593220339 0.026697095435684652
473 0.6385 0.013498942917547569 0.026438923395445135
474 0.6422 0.013548523206751054 0.026537190082644626
475 0.6402 0.013477894736842105 0.026399999999999996
476 0.6407 0.013460084033613446 0.026366255144032923
477 0.6434 0.013488469601677149 0.02642299794661191
478 0.6394 0.013376569037656903 0.026204918032786885
479 0.6392 0.01334446764091858 0.026143149284253576
480 0.6435 0.01340625 0.026265306122448977
481 0.6426000000000001 0.01335966735966736 0.026175152749490838
482 0.6444 0.013369294605809129 0.02619512195121951
483 0.6434 0.013320910973084887 0.026101419878296152
484 0.6451 0.013328512396694215 0.026117408906882588
485 0.6433 0.013263917525773196 0.025991919191919195
486 0.6474 0.013320987654320987 0.02610483870967742
487 0.6461 0.01326694045174538 0.026000000000000002
488 0.6413 0.013141393442622952 0.025755020080321284
489 0.6415 0.013118609406952966 0.025711422845691383
490 0.6462 0.013187755102040816 0.025848
491 0.6437 0.013109979633401223 0.025696606786427146
492 0.6439 0.01308739837398374 0.025653386454183268
493 0.6488 0.013160243407707911 0.025797216699801194
494 0.6403 0.01296153846153846 0.025408730158730155
495 0.6426999999999999 0.012983838383838382 0.02545346534653465
496 0.642 0.012943548387096774 0.025375494071146244
497 0.6441 0.012959758551307847 0.02540828402366864
498 0.6466000000000001 0.012983935742971887 0.02545669291338583
499 0.6474 0.012973947895791583 0.02543811394891945
500 0.6447 0.012894000000000001 0.02528235294117647
501 0.6442 0.012858283433133734 0.025213307240704502
502 0.6429 0.012806772908366534 0.025113281249999998
503 0.6492 0.012906560636182902 0.025309941520467838
504 0.649 0.012876984126984127 0.025252918287937742
505 0.6458999999999999 0.012790099009900989 0.025083495145631064
506 0.6435 0.012717391304347824 0.024941860465116275
507 0.6451 0.01272386587771203 0.024955512572533846
508 0.6481 0.012757874015748032 0.025023166023166024
509 0.6501 0.012772102161100198 0.02505202312138729
510 0.6477 0.012700000000000001 0.024911538461538468
511 0.6479 0.012679060665362035 0.024871401151631476
512 0.6505 0.012705078125 0.02492337164750958
513 0.6494 0.0126588693957115 0.024833652007648182
514 0.6517999999999999 0.012680933852140077 0.02487786259541985
515 0.6515 0.012650485436893203 0.024819047619047623
516 0.649 0.012577519379844962 0.024676806083650187
517 0.6484 0.012541586073500968 0.02460721062618596
518 0.6441 0.012434362934362933 0.02439772727272727
519 0.6512 0.012547206165703274 0.024620037807183363
520 0.6483 0.012467307692307692 0.024464150943396226
521 0.6488 0.012452975047984646 0.024436911487758946
522 0.6503 0.01245785440613027 0.024447368421052634
523 0.6524 0.012474187380497131 0.02448030018761726
524 0.6493 0.012391221374045802 0.024318352059925094
525 0.6509 0.01239809523809524 0.024332710280373836
526 0.6491 0.012340304182509506 0.024220149253731345
527 0.6561 0.012449715370018976 0.02443575418994413
528 0.6556 0.012416666666666666 0.024371747211895906
529 0.6506000000000001 0.01229867674858223 0.024141001855287572
530 0.6537 0.012333962264150943 0.02421111111111111
531 0.6527999999999999 0.012293785310734462 0.024133086876155268
532 0.649 0.012199248120300753 0.023948339483394837
533 0.6538999999999999 0.012268292682926828 0.024084714548802944
534 0.6532 0.012232209737827715 0.02401470588235294
535 0.6527999999999999 0.012201869158878505 0.023955963302752296
536 0.6542 0.012205223880597015 0.023963369963369965
537 0.6503 0.012109869646182495 0.02377696526508227
538 0.6485000000000001 0.012053903345724908 0.02366788321167883
539 0.6567000000000001 0.012183673469387755 0.023923497267759563
540 0.6524 0.012081481481481481 0.023723636363636363
541 0.6535 0.012079482439926063 0.02372050816696915
542 0.6572 0.012125461254612547 0.023811594202898554
543 0.6537 0.012038674033149172 0.023641952983725137
544 0.6546000000000001 0.012033088235294118 0.023631768953068597
545 0.6551 0.012020183486238532 0.023607207207207208
546 0.6561 0.012016483516483517 0.02360071942446043
547 0.6514 0.011908592321755028 0.023389587073608616
548 0.6536 0.011927007299270072 0.023426523297491036
549 0.6535 0.011903460837887068 0.02338103756708408
550 0.6546000000000001 0.011901818181818182 0.02337857142857143
551 0.6563 0.011911070780399274 0.023397504456327985
552 0.6517999999999999 0.011807971014492753 0.023195729537366545
553 0.6514 0.011779385171790235 0.023140319715808166
554 0.6622 0.011953068592057761 0.023482269503546097
555 0.6559 0.011818018018018019 0.02321769911504425
556 0.6576 0.011827338129496403 0.023236749116607773
557 0.6607000000000001 0.011861759425493716 0.023305114638447973
558 0.6562 0.011759856630824373 0.023105633802816904
559 0.6595 0.011797853309481215 0.023181019332161688
560 0.6585 0.011758928571428571 0.023105263157894736
561 0.6595 0.011755793226381461 0.02309982486865149
562 0.6566 0.011683274021352313 0.02295804195804196
563 0.657 0.011669626998223801 0.022931937172774867
564 0.6578 0.011663120567375887 0.022919860627177702
565 0.6535 0.01156637168141593 0.022730434782608697
566 0.6575 0.01161660777385159 0.022829861111111113
567 0.6623 0.011680776014109348 0.022956672443674178
568 0.6592 0.0116056338028169 0.02280968858131488
569 0.6614 0.01162390158172232 0.022846286701208984
570 0.6593 0.011566666666666666 0.02273448275862069
571 0.6609 0.011574430823117338 0.022750430292598968
572 0.6614 0.011562937062937062 0.02272852233676976
573 0.6596 0.011511343804537522 0.022627787307032594
574 0.6605000000000001 0.011506968641114983 0.022619863013698633
575 0.6596 0.011471304347826087 0.02255042735042735
576 0.663 0.011510416666666667 0.022627986348122867
577 0.6593 0.0114263431542461 0.022463373083475298
578 0.6578999999999999 0.01138235294117647 0.02237755102040816
579 0.6627 0.01144559585492228 0.022502546689303904
580 0.6633 0.011436206896551724 0.022484745762711866
581 0.6596 0.011352839931153184 0.022321489001692046
582 0.6635 0.011400343642611683 0.02241554054054054
583 0.6645 0.011397941680960548 0.0224114671163575
584 0.6611 0.011320205479452054 0.022259259259259256
585 0.6611 0.0113008547008547 0.022221848739495797
586 0.6613 0.011284982935153584 0.022191275167785234
587 0.6632 0.011298126064735944 0.022217755443886097
588 0.6584 0.011197278911564626 0.02202006688963211
589 0.6617 0.011234295415959253 0.022093489148580968
590 0.6665 0.011296610169491525 0.022216666666666666
591 0.6616 0.011194585448392554 0.02201663893510815
592 0.6604 0.011155405405405406 0.021940199335548173
593 0.6642 0.011200674536256325 0.022029850746268658
594 0.6625 0.011153198653198653 0.021937086092715233
595 0.6624 0.011132773109243698 0.02189752066115703
596 0.6626000000000001 0.01111744966442953 0.021867986798679868
597 0.6647000000000001 0.011134003350083752 0.021901153212520594
598 0.6685 0.011178929765886287 0.02199013157894737
599 0.6684 0.011158597662771285 0.021950738916256155
600 0.6658999999999999 0.011098333333333333 0.0218327868852459
601 0.6656 0.011074875207986688 0.021787234042553193
602 0.6648 0.011043189368770764 0.02172549019607843
603 0.6648 0.011024875621890546 0.021690048939641108
604 0.6667 0.011038079470198674 0.02171661237785016
605 0.6624 0.010948760330578513 0.021541463414634147
606 0.6668000000000001 0.011003300330033003 0.021649350649350647
607 0.6658000000000001 0.010968698517298188 0.021581847649918964
608 0.6662 0.010957236842105263 0.02155987055016181
609 0.6660999999999999 0.010937602627257799 0.021521809369951534
610 0.666 0.010918032786885246 0.021483870967741934
611 0.6700999999999999 0.010967266775777413 0.021581320450885667
612 0.6636 0.010843137254901962 0.021337620578778135
613 0.6667 0.010876019575856443 0.021402889245585872
614 0.6649 0.010828990228013029 0.021310897435897435
615 0.6628000000000001 0.010777235772357724 0.021209600000000002
616 0.6676 0.010837662337662339 0.021329073482428115
617 0.6673 0.010815235008103727 0.02128548644338118
618 0.6658999999999999 0.010775080906148867 0.02120700636942675
619 0.6644 0.010733441033925687 0.021125596184419716
620 0.6668999999999999 0.010756451612903225 0.02117142857142857
621 0.6658000000000001 0.010721417069243157 0.02110301109350238
622 0.6678 0.010736334405144694 0.02113291139240506
623 0.669 0.01073836276083467 0.021137440758293838
624 0.6694 0.010727564102564103 0.02111671924290221
625 0.6634 0.010614400000000001 0.020894488188976382
626 0.6652 0.010626198083067093 0.020918238993710692
627 0.6698999999999999 0.010684210526315789 0.02103296703296703
628 0.6700999999999999 0.010670382165605095 0.02100626959247649
629 0.6706000000000001 0.010661367249602545 0.02098904538341158
630 0.6715 0.01065873015873016 0.020984375000000003
631 0.6696 0.010611727416798732 0.02089235569422777
632 0.6705 0.010609177215189874 0.02088785046728972
633 0.6675 0.010545023696682464 0.02076205287713841
634 0.6679999999999999 0.01053627760252366 0.02074534161490683
635 0.6698000000000001 0.010548031496062992 0.02076899224806202
636 0.6668999999999999 0.010485849056603772 0.02064705882352941
637 0.6724 0.010555729984301413 0.02078516228748068
638 0.6715 0.010525078369905955 0.020725308641975304
639 0.6681 0.010455399061032863 0.02058859784283513
640 0.6745 0.0105390625 0.020753846153846154
641 0.6683 0.010425897035881435 0.020531490015360983
642 0.6693 0.010425233644859812 0.020530674846625765
643 0.6755 0.010505443234836704 0.020689127105666158
644 0.6738999999999999 0.010464285714285714 0.020608562691131496
645 0.6736 0.010443410852713178 0.02056793893129771
646 0.6719 0.01040092879256966 0.020484756097560976
647 0.6705 0.01036321483771252 0.02041095890410959
648 0.6667 0.01028858024691358 0.020264437689969605
649 0.6726 0.010363636363636363 0.020412746585735962
650 0.6734 0.01036 0.020406060606060605
651 0.6708000000000001 0.010304147465437789 0.020296520423600604
652 0.6706000000000001 0.010285276073619632 0.020259818731117825
653 0.6738000000000001 0.01031852986217458 0.020325791855203622
654 0.6708999999999999 0.010258409785932721 0.0202078313253012
655 0.6703 0.010233587786259542 0.020159398496240603
656 0.6717 0.010239329268292682 0.02017117117117117
657 0.6717 0.010223744292237442 0.02014092953523238
658 0.678 0.010303951367781155 0.020299401197604792
659 0.6769000000000001 0.010271623672230652 0.020236173393124064
660 0.6752 0.01023030303030303 0.020155223880597012
661 0.6743 0.010201210287443268 0.020098360655737703
662 0.6711 0.010137462235649547 0.019973214285714285
663 0.6711 0.010122171945701358 0.019943536404160477
664 0.6722 0.010123493975903616 0.01994658753709199
665 0.6718 0.010102255639097744 0.019905185185185185
666 0.6724 0.010096096096096097 0.019893491124260355
667 0.6751 0.01012143928035982 0.019943870014771048
668 0.6766 0.01012874251497006 0.019958702064896753
669 0.6740999999999999 0.010076233183856502 0.019855670103092783
670 0.6761999999999999 0.010092537313432836 0.019888235294117644
671 0.6743 0.010049180327868853 0.019803230543318652
672 0.6769999999999999 0.010074404761904762 0.019853372434017597
673 0.6761999999999999 0.010047548291233284 0.019800878477306005
674 0.6765 0.010037091988130563 0.01978070175438596
675 0.6774 0.010035555555555556 0.019778102189781023
676 0.6759999999999999 0.01 0.019708454810495626
677 0.6751 0.009971935007385526 0.019653566229985445
678 0.6759999999999999 0.009970501474926253 0.01965116279069767
679 0.6731 0.009913107511045655 0.019538461538461536
680 0.6784 0.009976470588235293 0.019663768115942025
681 0.6761999999999999 0.009929515418502202 0.019571635311143268
682 0.6791 0.009957478005865102 0.019627167630057802
683 0.6793 0.009945827232796486 0.019604617604617607
684 0.6769999999999999 0.00989766081871345 0.01951008645533141
685 0.675 0.009854014598540146 0.019424460431654675
686 0.6765 0.009861516034985422 0.019439655172413788
687 0.6815 0.009919941775836973 0.019555236728837876
688 0.6783 0.009859011627906977 0.019435530085959888
689 0.678 0.00984034833091437 0.019399141630901288
690 0.6805 0.00986231884057971 0.019442857142857144
691 0.6818 0.009866859623733718 0.01945221112696148
692 0.6796 0.009820809248554914 0.019361823361823363
693 0.6757 0.00975036075036075 0.019223328591749644
694 0.6791 0.009785302593659943 0.01929261363636364
695 0.6782 0.009758273381294964 0.01923971631205674
696 0.6799000000000001 0.009768678160919541 0.019260623229461756
697 0.6817 0.009780487804878049 0.019284299858557282
698 0.6798 0.009739255014326648 0.019203389830508476
699 0.6792 0.009716738197424893 0.01915937940761636
700 0.6783 0.00969 0.01910704225352113
701 0.6801999999999999 0.009703281027104136 0.019133614627285512
702 0.6826 0.009723646723646723 0.019174157303370788
703 0.6808 0.00968421052631579 0.019096774193548386
704 0.6798 0.00965625 0.01904201680672269
705 0.678 0.009617021276595744 0.018965034965034967
706 0.6815 0.009652974504249292 0.01903631284916201
707 0.6795 0.00961103253182461 0.018953974895397487
708 0.6777 0.009572033898305085 0.018877437325905296
709 0.6803 0.009595204513399154 0.018923504867872046
710 0.6778 0.009546478873239436 0.018827777777777777
711 0.6844 0.009625879043600563 0.01898474341192788
712 0.6892 0.009679775280898877 0.019091412742382272
713 0.6809000000000001 0.009549789621318373 0.018835408022130014
714 0.6809000000000001 0.00953641456582633 0.018809392265193372
715 0.6812 0.009527272727272728 0.018791724137931037
716 0.6805 0.009504189944134078 0.0187465564738292
717 0.6855 0.009560669456066945 0.01885832187070151
718 0.6819 0.009497214484679665 0.018733516483516482
719 0.6794 0.00944923504867872 0.01863923182441701
720 0.6838 0.009497222222222223 0.018734246575342464
721 0.6851 0.009502080443828017 0.01874418604651163
722 0.6818 0.009443213296398892 0.018628415300546448
723 0.6841 0.009461964038727524 0.01866575716234652
724 0.6807000000000001 0.009401933701657459 0.018547683923705722
725 0.6854 0.009453793103448276 0.018650340136054423
726 0.6839999999999999 0.009421487603305785 0.01858695652173913
727 0.6838 0.009405777166437415 0.018556309362279512
728 0.6846 0.009403846153846153 0.018552845528455285
729 0.6844 0.009388203017832648 0.018522327469553453
730 0.6833 0.00936027397260274 0.01846756756756757
731 0.6841 0.00935841313269494 0.018464237516869098
732 0.6843 0.009348360655737705 0.01844474393530997
733 0.6871 0.009373806275579809 0.018495289367429342
734 0.6852 0.009335149863760219 0.018419354838709677
735 0.683 0.009292517006802722 0.018335570469798657
736 0.6837 0.009289402173913042 0.01832975871313673
737 0.6868000000000001 0.009318860244233378 0.01838821954484605
738 0.6906 0.009357723577235771 0.018465240641711227
739 0.6859 0.009281461434370772 0.0183150867823765
740 0.6860999999999999 0.009271621621621621 0.018296
741 0.6851 0.009245614035087718 0.018245006657789612
742 0.6838 0.009215633423180594 0.01818617021276596
743 0.6855 0.009226110363391656 0.018207171314741036
744 0.6883 0.009251344086021506 0.018257294429708224
745 0.6851 0.009195973154362417 0.01814834437086093
746 0.6906 0.009257372654155495 0.01826984126984127
747 0.6855 0.009176706827309238 0.018110964332893
748 0.6846 0.0091524064171123 0.018063324538258575
749 0.686 0.009158878504672898 0.018076416337285905
750 0.6831 0.009108 0.01797631578947368
751 0.6839999999999999 0.00910785619174434 0.017976346911957947
752 0.6826 0.009077127659574467 0.01791601049868766
753 0.6881999999999999 0.009139442231075696 0.01803931847968545
754 0.6926 0.009185676392572945 0.018130890052356022
755 0.6896 0.009133774834437086 0.018028758169934638
756 0.6864 0.00907936507936508 0.017921671018276762
757 0.6921999999999999 0.009143989431968296 0.01804954367666232
758 0.6857 0.00904617414248021 0.017856770833333334
759 0.6866 0.009046113306982871 0.017856957087126136
760 0.687 0.009039473684210526 0.017844155844155843
761 0.6869 0.00902628120893561 0.017818417639429315
762 0.6929000000000001 0.009093175853018373 0.01795077720207254
763 0.6924 0.00907470511140236 0.017914618369987065
764 0.6866 0.008986910994764398 0.017741602067183466
765 0.6933 0.009062745098039216 0.017891612903225808
766 0.6898 0.009005221932114883 0.01777835051546392
767 0.6859 0.008942633637548892 0.017655083655083656
768 0.6867 0.00894140625 0.017652956298200514
769 0.6868000000000001 0.00893107932379714 0.01763286264441592
770 0.6917 0.008983116883116883 0.017735897435897433
771 0.6906 0.008957198443579766 0.017685019206145965
772 0.6894 0.008930051813471503 0.017631713554987213
773 0.6889000000000001 0.008912031047865459 0.017596424010217115
774 0.6888 0.00889922480620155 0.01757142857142857
775 0.6914 0.008921290322580645 0.01761528662420382
776 0.6858 0.00883762886597938 0.01745038167938931
777 0.6885 0.008861003861003861 0.01749682337992376
778 0.6961 0.008947300771208226 0.017667512690355328
779 0.6917 0.008879332477535301 0.01753358681875792
780 0.6916 0.008866666666666667 0.01750886075949367
781 0.6917 0.008856594110115237 0.017489254108723134
782 0.6881999999999999 0.008800511508951406 0.01737878787878788
783 0.6947 0.008872286079182631 0.01752080706179067
784 0.6946 0.00885969387755102 0.017496221662468513
785 0.6889000000000001 0.00877579617834395 0.017330817610062894
786 0.6924 0.008809160305343513 0.01739698492462312
787 0.6899 0.008766200762388819 0.017312421580928484
788 0.6949 0.008818527918781726 0.017416040100250624
789 0.6927 0.008779467680608364 0.01733917396745932
790 0.692 0.008759493670886076 0.0173
791 0.6946 0.008781289506953224 0.017343320848938828
792 0.6898 0.008709595959595959 0.017201995012468826
793 0.6944 0.008756620428751576 0.01729514321295143
794 0.6929000000000001 0.00872670025188917 0.0172363184079602
795 0.6944 0.008734591194968553 0.017252173913043477
796 0.6940000000000001 0.00871859296482412 0.017220843672456576
797 0.6910000000000001 0.008670012547051444 0.017125154894671625
798 0.6958 0.008719298245614035 0.01722277227722772
799 0.6921 0.008662077596996245 0.017110012360939432
800 0.6928 0.00866 0.017106172839506172
801 0.6934 0.008656679151061174 0.017099876695437735
802 0.6936 0.008648379052369077 0.017083743842364534
803 0.6948000000000001 0.008652552926525529 0.017092250922509225
804 0.6937 0.008628109452736319 0.017044226044226046
805 0.6902 0.008573913043478262 0.016937423312883438
806 0.6969000000000001 0.008646401985111662 0.01708088235294118
807 0.7005 0.008680297397769517 0.01714810281517748
808 0.6929000000000001 0.008575495049504951 0.016941320293398534
809 0.6973 0.008619283065512979 0.01702808302808303
810 0.6961 0.008593827160493828 0.01697804878048781
811 0.6949 0.008568434032059187 0.01692813641900122
812 0.6939 0.008545566502463055 0.016883211678832118
813 0.6953 0.008552275522755228 0.016896719319562575
814 0.6959 0.008549140049140048 0.016890776699029122
815 0.6944 0.008520245398773007 0.016833939393939394
816 0.7008 0.008588235294117647 0.01696852300242131
817 0.6942 0.008496940024479805 0.01678839177750907
818 0.6938 0.00848166259168704 0.016758454106280192
819 0.6914 0.008442002442002442 0.016680337756332934
820 0.6936 0.008458536585365854 0.016713253012048193
821 0.6954 0.008470158343483556 0.016736462093862814
822 0.6990000000000001 0.008503649635036496 0.016802884615384612
823 0.6988000000000001 0.008490886998784935 0.01677791116446579
824 0.6910999999999999 0.008387135922330096 0.01657314148681055
825 0.6949 0.008423030303030302 0.016644311377245508
826 0.6955 0.008420096852300243 0.016638755980861245
827 0.7 0.008464328899637243 0.016726403823178016
828 0.6995 0.008448067632850241 0.0166945107398568
829 0.7 0.008443908323281062 0.0166865315852205
830 0.6954 0.008378313253012047 0.016557142857142854
831 0.6939 0.008350180505415163 0.016501783590963142
832 0.6968 0.008375 0.016551068883610454
833 0.6967 0.00836374549819928 0.01652906287069988
834 0.6982999999999999 0.008372901678657074 0.016547393364928907
835 0.6996 0.008378443113772456 0.016558579881656807
836 0.6978 0.00834688995215311 0.01649645390070922
837 0.697 0.008327359617682198 0.016458087367178274
838 0.6978 0.008326968973747016 0.01645754716981132
839 0.6986 0.00832657926102503 0.01645700824499411
840 0.6965 0.008291666666666666 0.016388235294117644
841 0.6982999999999999 0.00830321046373365 0.016411280846063456
842 0.7008 0.008323040380047506 0.016450704225352112
843 0.7031 0.008340450771055753 0.016485345838218052
844 0.6999 0.00829265402843602 0.016391100702576114
845 0.7014 0.008300591715976332 0.016407017543859648
846 0.7003999999999999 0.008278959810874703 0.01636448598130841
847 0.6939 0.008192443919716647 0.01619369894982497
848 0.6980000000000001 0.008231132075471699 0.01627039627039627
849 0.697 0.008209658421672556 0.016228172293364377
850 0.6980000000000001 0.008211764705882354 0.016232558139534885
851 0.7019 0.008247943595769682 0.016304297328687573
852 0.6942 0.008147887323943661 0.01610672853828306
853 0.6999 0.008205158264947245 0.016220162224797222
854 0.701 0.008208430913348946 0.01622685185185185
855 0.6955 0.008134502923976609 0.01608092485549133
856 0.6993 0.008169392523364486 0.016150115473441112
857 0.7003 0.008171528588098017 0.01615455594002307
858 0.7036 0.0082004662004662 0.016211981566820275
859 0.7035 0.00818975552968568 0.01619102416570771
860 0.7039 0.008184883720930233 0.016181609195402298
861 0.7026 0.0081602787456446 0.01613318025258324
862 0.7014 0.008136890951276102 0.016087155963302752
863 0.7001000000000001 0.008112398609501739 0.016038946162657504
864 0.7001999999999999 0.008104166666666666 0.016022883295194506
865 0.6998 0.008090173410404624 0.01599542857142857
866 0.7027 0.00811431870669746 0.016043378995433788
867 0.7016 0.008092272202998846 0.016
868 0.7011000000000001 0.008077188940092166 0.015970387243735763
869 0.7047 0.008109321058688147 0.016034129692832765
870 0.6980999999999999 0.008024137931034483 0.01586590909090909
871 0.7041000000000001 0.008083811710677383 0.015984108967082862
872 0.7013 0.00804243119266055 0.01590249433106576
873 0.7 0.008018327605956471 0.015855039637599093
874 0.7069 0.008088100686498855 0.015993212669683256
875 0.7051999999999999 0.008059428571428572 0.015936723163841808
876 0.7032 0.008027397260273973 0.015873589164785554
877 0.7008 0.007990877993158495 0.015801578354002255
878 0.7065 0.008046697038724375 0.015912162162162163
879 0.7021 0.007987485779294652 0.01579527559055118
880 0.7013 0.007969318181818182 0.01575955056179775
881 0.7072 0.008027241770715097 0.01587429854096521
882 0.7014 0.007952380952380952 0.01572645739910314
883 0.7029 0.007960362400906001 0.01574244120940649
884 0.7028 0.00795022624434389 0.015722595078299772
885 0.7038 0.007952542372881356 0.015727374301675978
886 0.704 0.007945823927765237 0.015714285714285715
887 0.7086 0.007988726042841038 0.01579933110367893
888 0.7031 0.007917792792792793 0.01565924276169265
889 0.7041999999999999 0.007921259842519684 0.015666295884315905
890 0.7011999999999999 0.007878651685393258 0.015582222222222223
891 0.7033 0.00789337822671156 0.015611542730299667
892 0.7008 0.007856502242152466 0.01553880266075388
893 0.7028 0.00787010078387458 0.015565891472868215
894 0.7048 0.007883668903803131 0.015592920353982298
895 0.702 0.007843575418994412 0.015513812154696131
896 0.702 0.007834821428571429 0.015496688741721857
897 0.7068 0.007879598662207358 0.015585446527012128
898 0.7033 0.00783184855233853 0.015491189427312776
899 0.7085 0.007880978865406006 0.015588558855885585
900 0.7056 0.00784 0.015507692307692307
901 0.7062 0.00783795782463929 0.015503841931942921
902 0.7033 0.007797117516629712 0.015423245614035089
903 0.7055 0.007812846068660022 0.015454545454545455
904 0.7038 0.007785398230088496 0.015400437636761492
905 0.7035 0.007773480662983425 0.01537704918032787
906 0.7051000000000001 0.007782560706401766 0.01539519650655022
907 0.7086 0.007812568908489526 0.015454743729552889
908 0.7057 0.007772026431718062 0.015374727668845314
909 0.7091000000000001 0.007800880088008801 0.015431991294885745
910 0.7093 0.007794505494505495 0.015419565217391308
911 0.7033 0.0077200878155872675 0.015272529858849077
912 0.7066 0.007747807017543859 0.015327548806941432
913 0.7009000000000001 0.0076768893756845565 0.015187432286023834
914 0.7093 0.007760393873085339 0.015352813852813854
915 0.7054 0.007709289617486339 0.015251891891891894
916 0.7069 0.007717248908296943 0.015267818574514036
917 0.7057 0.007695747001090513 0.015225458468176913
918 0.706 0.0076906318082788664 0.01521551724137931
919 0.7094 0.0077192600652883575 0.01527233584499462
920 0.7081000000000001 0.007696739130434783 0.01522795698924731
921 0.7098 0.0077068403908794785 0.015248120300751879
922 0.7058 0.007655097613882863 0.015145922746781117
923 0.7069 0.00765872156013001 0.01515326902465166
924 0.7093 0.007676406926406926 0.015188436830835117
925 0.7093 0.007668108108108108 0.015172192513368985
926 0.7093 0.007659827213822894 0.015155982905982905
927 0.7118 0.007678532901833873 0.015193169690501603
928 0.7085 0.007634698275862069 0.015106609808102345
929 0.7053 0.007592034445640473 0.015022364217252396
930 0.7102 0.007636559139784947 0.01511063829787234
931 0.708 0.007604726100966703 0.015047821466524974
932 0.7094 0.007611587982832619 0.015061571125265395
933 0.7087 0.007595927116827438 0.015030752916224811
934 0.7059 0.007557815845824411 0.014955508474576272
935 0.7107 0.007601069518716578 0.01504126984126984
936 0.7062 0.007544871794871795 0.014930232558139536
937 0.7098 0.007575240128068303 0.014990496304118266
938 0.7095 0.007563965884861407 0.014968354430379747
939 0.713 0.007593184238551651 0.015026343519494206
940 0.7117 0.007571276595744681 0.014983157894736842
941 0.7119 0.007565356004250796 0.014971608832807567
942 0.7076 0.007511677282377919 0.014865546218487395
943 0.7083999999999999 0.007512195121951219 0.014866736621196223
944 0.7081999999999999 0.007502118644067797 0.014846960167714885
945 0.71 0.0075132275132275125 0.014869109947643979
946 0.7102999999999999 0.00750845665961945 0.014859832635983264
947 0.7089000000000001 0.007485744456177403 0.014815047021943573
948 0.7134 0.007525316455696203 0.014893528183716075
949 0.7117 0.007499473129610116 0.01484254431699687
950 0.7111 0.007485263157894737 0.014814583333333334
951 0.7158 0.007526813880126183 0.014896982310093655
952 0.7117 0.007475840336134454 0.014796257796257794
953 0.7102 0.007452256033578175 0.014749740394600207
954 0.7108 0.007450733752620545 0.014746887966804978
955 0.7098 0.007432460732984293 0.014710880829015543
956 0.7091999999999999 0.007418410041841004 0.014683229813664597
957 0.7121999999999999 0.007442006269592476 0.014730093071354707
958 0.7163 0.007477035490605429 0.014799586776859506
959 0.7095 0.0073983315954118875 0.014643962848297214
960 0.7101 0.007396875 0.014641237113402062
961 0.7128 0.007417273673257024 0.014681771369721937
962 0.7114 0.007395010395010395 0.014637860082304527
963 0.7158 0.007433021806853583 0.014713257965056528
964 0.7115 0.007380705394190871 0.014609856262833674
965 0.7123999999999999 0.007382383419689119 0.01461333333333333
966 0.7102999999999999 0.007353002070393374 0.014555327868852459
967 0.7144999999999999 0.007388831437435367 0.014626407369498466
968 0.7074 0.007307851239669421 0.014466257668711655
969 0.7138 0.007366357069143447 0.014582226762002042
970 0.7161 0.007382474226804123 0.014614285714285712
971 0.7132 0.007345005149330587 0.014540265035677877
972 0.7097 0.007301440329218108 0.014454175152749493
973 0.7114 0.007311408016443988 0.014474059003051883
974 0.7166 0.00735728952772074 0.014565040650406503
975 0.7105 0.007287179487179487 0.014426395939086296
976 0.7139 0.007314549180327869 0.01448073022312373
977 0.7126 0.0072937563971340845 0.014439716312056738
978 0.7101 0.007260736196319019 0.014374493927125505
979 0.7167 0.00732073544433095 0.014493427704752274
980 0.7123999999999999 0.00726938775510204 0.014391919191919188
981 0.7188 0.007327217125382262 0.014506559031281533
982 0.7142000000000001 0.007272912423625255 0.014399193548387097
983 0.71 0.007222787385554425 0.014300100704934541
984 0.7094 0.007209349593495935 0.014273641851106638
985 0.7102 0.00721015228426396 0.01427537688442211
986 0.7135 0.00723630831643002 0.01432730923694779
987 0.7132 0.007225937183383991 0.01430692076228686
988 0.7197 0.007284412955465587 0.014422845691382767
989 0.7159 0.007238624873609706 0.014332332332332332
990 0.7137 0.007209090909090909 0.014274
991 0.7158 0.007223007063572149 0.014301698301698302
992 0.712 0.00717741935483871 0.014211576846307384
993 0.7115 0.00716515609264854 0.014187437686939182
994 0.7133 0.007176056338028169 0.014209163346613546
995 0.7174 0.007210050251256281 0.014276616915422887
996 0.7219 0.007247991967871487 0.014351888667992049
997 0.7151 0.007172517552657974 0.0142025819265144
998 0.7187 0.007201402805611223 0.014259920634920636
999 0.7169 0.0071761761761761755 0.014210109018830524
