#---------------------------------------------------------------------
#- # of lanes --- time (s) ---- BandW -- ns/hit -- % Eff -- Speedup --
#---------------------------------------------------------------------
           1     4.010000        511     119.5       0%        1.0
           2     2.080000        985      62.0      96%        1.9
           3     1.390000       1473      41.4     100%        2.9
           4     1.050000       1950      31.3      98%        3.8
           5     0.850000       2409      25.3      95%        4.7
           6     0.710000       2885      21.2      99%        5.6
           7     0.610000       3357      18.2      99%        6.6
           8     0.540000       3793      16.1      92%        7.4
           9     0.500000       4096      14.9      67%        8.0
          10     0.450000       4551      13.4     100%        8.9
          11     0.410000       4995      12.2      98%        9.8
          12     0.380000       5389      11.3      88%       10.6
          13     0.350000       5851      10.4     103%       11.5
          14     0.330000       6206       9.8      80%       12.2
          15     0.310000       6606       9.2      91%       12.9
          16     0.290000       7062       8.6     103%       13.8
          17     0.280000       7314       8.3      59%       14.3
          18     0.260000       7877       7.7     129%       15.4
          19     0.250000       8192       7.5      73%       16.0
          20     0.240000       8533       7.2      80%       16.7
          21     0.230000       8904       6.9      87%       17.4
          22     0.220000       9309       6.6      96%       18.2
          23     0.210000       9752       6.3     105%       19.1
          24     0.210000       9752       6.3       0%       19.1
          25     0.210000       9752       6.3       0%       19.1