           1     3.602729        568     107.4       0%        1.0
           2     1.814086       1129      54.1      99%        2.0
           3     1.218088       1681      36.3      99%        3.0
           4     0.920816       2224      27.4      98%        3.9
           5     0.743074       2756      22.1      97%        4.8
           6     0.625483       3274      18.6      95%        5.8
           7     0.542663       3774      16.2      93%        6.6
           8     0.478981       4276      14.3      94%        7.5
           9     0.430431       4758      12.8      91%        8.4
          10     0.393831       5200      11.7      85%        9.1
          11     0.372880       5492      11.1      59%        9.7
          12     0.365631       5601      10.9      23%        9.9
          13     0.362554       5649      10.8      11%        9.9
          14     0.362291       5653      10.8       1%        9.9
          15     0.362602       5648      10.8      -1%        9.9
          16     0.363288       5637      10.8      -3%        9.9
          17     0.364121       5625      10.9      -4%        9.9
          18     0.364935       5612      10.9      -4%        9.9
          19     0.365126       5609      10.9      -1%        9.9
          20     0.365212       5608      10.9      -0%        9.9
          21     0.365480       5604      10.9      -2%        9.9
          22     0.365559       5602      10.9      -0%        9.9
          23     0.365916       5597      10.9      -2%        9.8
          24     0.366001       5596      10.9      -1%        9.8
          25     0.365996       5596      10.9       0%        9.8