# Initializing random data.
#...........
# ref : 638453
 2  219022 2.91502
 3  167303 3.81615
 4  135831 4.70035
 5  118601 5.3832
 6  109426 5.83456
 7  103504 6.16839
 8  89026 7.17153
 9  83169 7.67657
 10  76903 8.30206
 11  71999 8.86753
 12  67109 9.51367
 13  66147 9.65203
 14  65703 9.71726
 15  61573 10.369
 16  59443 10.7406
 17  58208 10.9685
 18  55696 11.4632
 19  54869 11.636
 20  55169 11.5727
 21  53440 11.9471
 22  52866 12.0768
 23  52243 12.2208
 24  51961 12.2872
 25  51139 12.4847
 26  50902 12.5428
 27  51348 12.4338
 28  55038 11.6002
 29  48812 13.0798
 30  47996 13.3022
 31  48283 13.2231
 32  46507 13.7281
 33  46563 13.7116
 34  50091 12.7459
 35  46062 13.8607
 36  47847 13.3436
 37  46592 13.7031
 38  48418 13.1863
 39  45771 13.9489
 40  47165 13.5366
 41  48045 13.2886
 42  49504 12.897
 43  55468 11.5103
 44  46555 13.714
 45  46473 13.7381
 46  45741 13.958
 47  48875 13.063
 48  46806 13.6404
 49  48995 13.031
 50  45585 14.0058
 51  45269 14.1035
 52  48897 13.0571
 53  52609 12.1358
 54  50847 12.5564
 55  48093 13.2754
 56  46241 13.8071
 57  50849 12.5559
 58  48719 13.1048
 59  47827 13.3492
 60  45303 14.093
 61  50450 12.6552
 62  48487 13.1675
 63  46344 13.7764
 64  45376 14.0703
