 2  239916 2.73426
 3  194517 3.37241
 4  163191 4.01978
 5  148344 4.4221
 6  141167 4.64692
 7  127787 5.13348
 8  114502 5.72909
 9  110286 5.9481
 10  99783 6.57419
 11  94700 6.92705
 12  89817 7.30365
 13  87292 7.51492
 14  79854 8.21489
 15  79107 8.29246
 16  74807 8.76913
 17  73776 8.89167
 18  73820 8.88637
 19  71360 9.19271
 20  69950 9.37801
 21  70504 9.30432
 22  69650 9.41841
 23  67000 9.79093
 24  67043 9.78465
 25  68719 9.54601
 26  65401 10.0303
 27  67971 9.65106
 28  72332 9.06918
 29  63323 10.3595
 30  63018 10.4096
 31  61783 10.6177
 32  60677 10.8112
 33  62306 10.5286
 34  61639 10.6425
 35  61618 10.6461
 36  61151 10.7274
 37  64335 10.1965
 38  66869 9.81011
 39  64190 10.2195
 40  62683 10.4652
 41  63137 10.39
 42  60131 10.9094
 43  70469 9.30894
 44  59510 11.0232
 45  61630 10.644
 46  60348 10.8702
 47  61874 10.6021
 48  60320 10.8752
 49  64240 10.2116
 50  60085 10.9177
 51  60123 10.9108
 52  63951 10.2577
 53  69698 9.41192
 54  64655 10.146
 55  62990 10.4142
 56  59042 11.1106
 57  65682 9.98739
 58  63500 10.3306
 59  61456 10.6742
 60  58913 11.1349
 61  66048 9.93205
 62  62552 10.4871
 63  60974 10.7586
 64  59263 11.0692
