1 14.5
2 29.6
3 28.0
4 36.9
5 44.4
6 52.5
7 60.6
8 68.5
9 76.2
10 83.9
11 90.6
12 97.3
13 101.3
14 102.9
15 101.4
16 107.7
17 103.8
18 109.8
19 105.0
20 110.3
21 105.8
22 110.8
23 106.3
24 110.8
25 106.6
26 110.8
27 106.9
28 114.2
29 110.4
30 111.9
31 110.7
32 113.9
33 108.8
34 114.0
35 110.8
36 113.9
37 109.6
38 112.7
39 110.5
40 111.5
41 109.1
42 111.7
43 109.8
44 112.5
45 110.4
46 111.6
47 110.5
48 112.5
49 109.8
50 111.4
51 107.8
52 110.7
53 107.5
54 108.8
55 108.7
56 109.7
57 108.2
58 109.1
59 106.2
60 109.1
61 107.7
62 108.6
63 107.2
64 108.2
65 100.8
66 105.2
67 103.2
68 105.7
69 102.0
70 105.4
71 105.8
72 103.6
73 104.0
74 105.3
75 105.4
76 106.3
77 104.9
78 106.8
79 106.7
80 107.9
81 106.9
82 108.5
83 108.2
84 108.5
85 108.1
86 107.8
87 107.3
88 108.4
89 107.9
90 107.9
91 107.2
92 108.0
93 107.7
94 108.7
95 108.3
96 108.6
97 107.8
98 108.2
99 107.1
100 108.0
101 108.1
102 109.2
103 108.1
104 108.6
105 108.2
106 107.9
107 108.0
108 109.4
109 107.5
110 108.9
111 107.5
112 107.6
113 106.8
114 106.1
115 106.8
116 107.3
117 106.5
118 107.3
119 107.0
120 107.2
121 106.1
122 107.7
123 107.0
124 106.7
125 106.2
126 106.9
127 106.7
128 106.6
