1 14.4
2 25.1
3 37.1
4 49.1
5 60.6
6 71.8
7 81.6
8 90.2
9 97.9
10 105.3
11 111.4
12 116.8
13 119.6
14 124.6
15 126.4
16 105.7
17 109.4
18 112.3
19 114.9
20 117.8
21 118.0
22 118.0
23 117.0
24 117.7
25 116.1
26 115.0
27 112.5
28 110.5
29 108.7
30 108.4
31 104.3
32 107.7
33 103.8
34 105.7
35 103.5
36 101.4
37 103.1
38 105.9
39 102.3
40 102.9
41 98.1
42 102.9
43 92.5
44 99.5
45 97.9
46 98.1
47 98.3
48 91.6
49 97.3
50 96.2
51 96.4
52 92.2
53 91.1
54 95.1
55 93.9
56 92.1
57 90.8
58 90.0
59 90.9
60 95.9
61 93.5
62 90.3
63 93.4
64 91.3
