1 16 15
2 16 14
3 16 13
4 16 12
5 16 11
6 16 10
7 16 9
8 16 8
9 16 7
10 16 6
11 16 5
12 16 4
13 16 3
14 16 2
15 16 1
16 16 0
17 32 15
18 32 14
19 32 13
20 32 12
21 32 11
22 32 10
23 32 9
24 32 8
25 32 7
26 32 6
27 32 5
28 32 4
29 32 3
30 32 2
31 32 1
32 32 0
33 48 15
34 48 14
35 48 13
36 48 12
37 48 11
38 48 10
39 48 9
40 48 8
41 48 7
42 48 6
43 48 5
44 48 4
45 48 3
46 48 2
47 48 1
48 48 0
49 64 15
50 64 14
51 64 13
52 64 12
53 64 11
54 64 10
55 64 9
56 64 8
57 64 7
58 64 6
59 64 5
60 64 4
61 64 3
62 64 2
63 64 1
64 64 0
65 80 15
66 80 14
67 80 13
68 80 12
69 80 11
70 80 10
71 80 9
72 80 8
73 80 7
74 80 6
75 80 5
76 80 4
77 80 3
78 80 2
79 80 1
80 80 0
81 96 15
82 96 14
83 96 13
84 96 12
85 96 11
86 96 10
87 96 9
88 96 8
89 96 7
90 96 6
91 96 5
92 96 4
93 96 3
94 96 2
95 96 1
96 96 0
97 112 15
98 112 14
99 112 13
