1 24 23
2 24 22
3 24 21
4 24 20
5 24 19
6 24 18
7 24 17
8 24 16
9 24 15
10 24 14
11 24 13
12 24 12
13 24 11
14 24 10
15 24 9
16 24 8
17 24 7
18 24 6
19 24 5
20 24 4
21 24 3
22 24 2
23 24 1
24 24 0
25 40 15
26 40 14
27 40 13
28 40 12
29 40 11
30 40 10
31 40 9
32 40 8
33 40 7
34 40 6
35 40 5
36 40 4
37 40 3
38 40 2
39 40 1
40 40 0
41 56 15
42 56 14
43 56 13
44 56 12
45 56 11
46 56 10
47 56 9
48 56 8
49 56 7
50 56 6
51 56 5
52 56 4
53 56 3
54 56 2
55 56 1
56 56 0
57 72 15
58 72 14
59 72 13
60 72 12
61 72 11
62 72 10
63 72 9
64 72 8
65 72 7
66 72 6
67 72 5
68 72 4
69 72 3
70 72 2
71 72 1
72 72 0
73 88 15
74 88 14
75 88 13
76 88 12
77 88 11
78 88 10
79 88 9
80 88 8
81 88 7
82 88 6
83 88 5
84 88 4
85 88 3
86 88 2
87 88 1
88 88 0
89 104 15
90 104 14
91 104 13
92 104 12
93 104 11
94 104 10
95 104 9
96 104 8
97 104 7
98 104 6
99 104 5
