1 3.08 3.191 0.091308 3.368
2 1.533 1.553 0.019128 1.617
3 1.02 1.027 0.004817 1.039
4 0.771 0.795 0.019252 0.833
5 0.614 0.619 0.00426 0.631
6 0.516 0.529 0.009817 0.548
7 0.458 0.47 0.006161 0.49
8 0.396 0.409 0.009941 0.435
9 0.355 0.361 0.007894 0.385
10 0.322 0.329 0.007244 0.346
11 0.293 0.3 0.006327 0.316
12 0.271 0.277 0.005703 0.29
13 0.251 0.253 0.001011 0.255
14 0.238 0.239 0.00049 0.24
15 0.226 0.227 0.000716 0.229
16 0.219 0.221 0.002192 0.229
17 0.21 0.211 0.00059 0.212
18 0.2 0.202 0.0011 0.206
19 0.193 0.193 0.000842 0.196
20 0.188 0.189 0.000499 0.19
21 0.184 0.185 0.00063 0.186
22 0.181 0.182 0.001064 0.184
23 0.178 0.18 0.002354 0.191
24 0.175 0.177 0.000876 0.178
25 0.173 0.174 0.000947 0.176
26 0.172 0.172 0.000601 0.174
27 0.17 0.173 0.001035 0.175
28 0.17 0.171 0.000451 0.172
29 0.169 0.171 0.001371 0.174
30 0.168 0.169 0.001299 0.173
31 0.166 0.168 0.001335 0.171
32 0.166 0.166 0.001307 0.172
33 0.164 0.165 0.000572 0.166
34 0.164 0.164 0.000451 0.166
35 0.163 0.164 0.000261 0.164
36 0.163 0.165 0.000816 0.167
37 0.163 0.166 0.001729 0.17
38 0.164 0.165 0.001174 0.168
39 0.163 0.164 0.001002 0.167
40 0.162 0.165 0.00226 0.169
