           1     3.720000        551     110.9       0%        1.0
           2     1.820000       1125      54.2     102%        2.0
           3     1.130000       1812      33.7     114%        3.3
           4     0.850000       2409      25.3      99%        4.4
           5     0.680000       3012      20.3     100%        5.5
           6     0.570000       3593      17.0      97%        6.5
           7     0.490000       4180      14.6      98%        7.6
           8     0.430000       4763      12.8      98%        8.7
           9     0.380000       5389      11.3     105%        9.8
          10     0.340000       6024      10.1     105%       10.9
          11     0.320000       6400       9.5      65%       11.6
          12     0.290000       7062       8.6     112%       12.8
          13     0.270000       7585       8.0      90%       13.8
          14     0.250000       8192       7.5     104%       14.9
          15     0.240000       8533       7.2      60%       15.5
          16     0.230000       8904       6.9      67%       16.2
          17     0.220000       9309       6.6      74%       16.9
          18     0.210000       9752       6.3      82%       17.7
          19     0.200000      10240       6.0      90%       18.6
          20     0.190000      10779       5.7     100%       19.6
          21     0.190000      10779       5.7       0%       19.6
          22     0.180000      11378       5.4     116%       20.7
          23     0.180000      11378       5.4       0%       20.7
          24     0.180000      11378       5.4       0%       20.7
          25     0.170000      12047       5.1     139%       21.9
