           1     2.393385        856      71.3       0%        1.0
           2     1.191146       1719      35.5     100%        2.0
           3     0.792691       2584      23.6     100%        3.0
           4     0.598023       3425      17.8      98%        4.0
           5     0.482384       4246      14.4      97%        5.0
           6     0.404444       5064      12.1      97%        5.9
           7     0.348919       5870      10.4      96%        6.9
           8     0.307359       6663       9.2      95%        7.8
           9     0.275060       7446       8.2      95%        8.7
          10     0.249483       8209       7.4      93%        9.6
          11     0.232413       8812       6.9      75%       10.3
          12     0.225341       9088       6.7      37%       10.6
          13     0.222795       9192       6.6      15%       10.7
          14     0.223184       9176       6.7      -2%       10.7
          15     0.223263       9173       6.7      -1%       10.7
          16     0.223248       9174       6.7       0%       10.7
          17     0.223499       9163       6.7      -2%       10.7
          18     0.223709       9155       6.7      -2%       10.7
          19     0.223938       9145       6.7      -2%       10.7
          20     0.224376       9128       6.7      -4%       10.7
          21     0.226161       9055       6.7     -17%       10.6
          22     0.225814       9069       6.7       3%       10.6
          23     0.226718       9033       6.8      -9%       10.6
          24     0.226769       9031       6.8      -1%       10.6
          25     0.225499       9082       6.7      14%       10.6
